-15.75019543 -0.00002586 -6.07500700
-20.27823843 -0.00002586 12.15001400
-11.22215264 -0.00002586 4.05000500
2.36197586 -0.00002586 6.07500700
25.00219029 -0.00002586 12.15001400
25.00219029 -0.00002586 -4.05000500
-6.69410971 -0.00002586 -2.02500200
11.41806157 -0.00002586 -6.07500700
-20.27823843 -0.00002586 -8.10000900
20.47414743 -0.00002586 6.07500700
-15.75019543 -0.00002586 -10.12501200
-2.16606714 -0.00002586 4.05000500
29.53023286 -0.00002586 14.17501600
34.05827586 -0.00002586 -4.05000500
-20.27823843 -0.00002586 16.20001900
-15.75019543 -0.00002586 6.07500700
-11.22215257 -0.00002586 8.10000900
29.53023286 -0.00002586 2.02500200
15.94610457 -0.00002586 4.05000500
38.58631886 -0.00002586 2.02500200
-24.80628143 -0.00002586 14.17501600
38.58631886 -0.00002586 10.12501200
11.41806157 -0.00002586 -10.12501200
15.94610457 -0.00002586 -8.10000900
-24.80628143 -0.00002586 -6.07500700
29.53023286 -0.00002586 -10.12501200
34.05827586 -0.00002586 8.10000900
-6.69410971 -0.00002586 2.02500200
-15.75019543 -0.00002586 10.12501200
-11.22215264 -0.00002586 16.20001900
29.53023286 -0.00002586 -2.02500200
20.47414743 -0.00002586 -10.12501200
38.58631886 -0.00002586 -6.07500700
-2.16606714 -0.00002586 16.20001900
34.05827586 -0.00002586 0.00000000
15.94610457 -0.00002586 16.20001900
-6.69410971 -0.00002586 -10.12501200
11.41806157 -0.00002586 -2.02500200
6.89001857 -0.00002586 0.00000000
-24.80628143 -0.00002586 -2.02500200
-6.69410971 -0.00002586 10.12501200
-2.16606714 -0.00002586 -8.10000900
34.05827586 -0.00002586 12.15001400
6.89001857 -0.00002586 12.15001400
-15.75019543 -0.00002586 -2.02500200
38.58631886 -0.00002586 -10.12501200
6.89001857 -0.00002586 8.10000900
-15.75019543 -0.00002586 14.17501600
6.89001857 -0.00002586 -4.05000500
15.94610457 -0.00002586 -4.05000500
11.41806157 -0.00002586 14.17501600
42.74780667 -0.00002600 4.05000500
38.58631886 -0.00002586 -2.02500200
2.36197586 -0.00002586 -6.07500700
25.00219029 -0.00002586 16.20001900
-6.69410971 -0.00002586 -6.07500700
6.89001857 -0.00002586 16.20001900
20.47414743 -0.00002586 14.17501600
2.36197586 -0.00002586 10.12501200
34.05827586 -0.00002586 16.20001900
2.36197586 -0.00002586 -10.12501200
15.94610457 -0.00002586 12.15001400
-6.69410979 -0.00002586 14.17501600
34.05827586 -0.00002586 -8.10000900
29.53023286 -0.00002586 -6.07500700
25.00219029 -0.00002586 -8.10000900
2.36197586 -0.00002586 -2.02500200
-11.22215264 -0.00002586 12.15001400
11.41806157 -0.00002586 10.12501200
6.89001857 -0.00002586 -8.10000900
29.53023286 -0.00002586 10.12501200
-15.75019543 -0.00002586 2.02500200
38.58631886 -0.00002586 6.07500700
11.41806157 -0.00002586 2.02500200
29.53023286 -0.00002586 6.07500700
34.05827586 -0.00002586 4.05000500
25.00219029 -0.00002586 0.00000000
-20.27823843 -0.00002586 -4.05000500
-6.69410971 -0.00002586 6.07500700
25.00219029 -0.00002586 8.10000900
20.47414743 -0.00002586 -6.07500700
20.47414743 -0.00002586 10.12501200
15.94610457 -0.00002586 8.10000900
42.74780667 -0.00002600 16.20001900
-24.80628143 -0.00002586 -10.12501200
-2.16606714 -0.00002586 12.15001400
-20.27823843 -0.00002586 0.00000000
-20.27823843 -0.00002586 4.05000500
-20.27823843 -0.00002586 8.10000900
20.47414743 -0.00002586 2.02500200
-24.80628143 -0.00002586 2.02500200
2.36197586 -0.00002586 2.02500200
42.74780667 -0.00002600 0.00000000
11.41806157 -0.00002586 6.07500700
15.94610457 -0.00002586 0.00000000
25.00219029 -0.00002586 4.05000500
38.58631886 -0.00002586 14.17501600
-11.22215264 -0.00002586 -0.00000000
20.47414743 -0.00002586 -2.02500200
-2.16606714 -0.00002586 -4.05000500
2.36197586 -0.00002586 14.17501600
-11.22215264 -0.00002586 -4.05000500
42.74780667 -0.00002600 12.15001400
-24.80628143 -0.00002586 6.07500700
42.74780667 -0.00002600 -8.10000900
42.74780667 -0.00002600 -4.05000500
-11.22215257 -0.00002586 -8.10000900
42.74780667 -0.00002600 8.10000900
-24.80628143 -0.00002586 10.12501200
-2.16606714 -0.00002586 8.10000900
-2.16606714 -0.00002586 0.00000000
