5121 3 -15.750195 -0.000026 -6.075007
5122 3 -20.278238 -0.000026 12.150014
5123 3 -11.222153 -0.000026 4.050005
5124 3 2.361976 -0.000026 6.075007
5125 3 25.002190 -0.000026 12.150014
5126 3 25.002190 -0.000026 -4.050005
5127 3 -6.694110 -0.000026 -2.025002
5128 3 11.418062 -0.000026 -6.075007
5129 3 -20.278238 -0.000026 -8.100009
5130 3 20.474147 -0.000026 6.075007
5131 3 -15.750195 -0.000026 -10.125012
5132 3 -2.166067 -0.000026 4.050005
5133 3 29.530233 -0.000026 14.175016
5134 3 34.058276 -0.000026 -4.050005
5135 3 -20.278238 -0.000026 16.200019
5136 3 -15.750195 -0.000026 6.075007
5137 3 -11.222153 -0.000026 8.100009
5138 3 29.530233 -0.000026 2.025002
5139 3 15.946105 -0.000026 4.050005
5140 3 38.586319 -0.000026 2.025002
5141 3 -24.806281 -0.000026 14.175016
5142 3 38.586319 -0.000026 10.125012
5143 3 11.418062 -0.000026 -10.125012
5144 3 15.946105 -0.000026 -8.100009
5145 3 -24.806281 -0.000026 -6.075007
5146 3 29.530233 -0.000026 -10.125012
5147 3 34.058276 -0.000026 8.100009
5148 3 -6.694110 -0.000026 2.025002
5149 3 -15.750195 -0.000026 10.125012
5150 3 -11.222153 -0.000026 16.200019
5151 3 29.530233 -0.000026 -2.025002
5152 3 20.474147 -0.000026 -10.125012
5153 3 38.586319 -0.000026 -6.075007
5154 3 -2.166067 -0.000026 16.200019
5155 3 34.058276 -0.000026 0.000000
5156 3 15.946105 -0.000026 16.200019
5157 3 -6.694110 -0.000026 -10.125012
5158 3 11.418062 -0.000026 -2.025002
5159 3 6.890019 -0.000026 0.000000
5160 3 -24.806281 -0.000026 -2.025002
5161 3 -6.694110 -0.000026 10.125012
5162 3 -2.166067 -0.000026 -8.100009
5163 3 34.058276 -0.000026 12.150014
5164 3 6.890019 -0.000026 12.150014
5165 3 -15.750195 -0.000026 -2.025002
5166 3 38.586319 -0.000026 -10.125012
5167 3 6.890019 -0.000026 8.100009
5168 3 -15.750195 -0.000026 14.175016
5169 3 6.890019 -0.000026 -4.050005
5170 3 15.946105 -0.000026 -4.050005
5171 3 11.418062 -0.000026 14.175016
5172 3 42.747807 -0.000026 4.050005
5173 3 38.586319 -0.000026 -2.025002
5174 3 2.361976 -0.000026 -6.075007
5175 3 25.002190 -0.000026 16.200019
5176 3 -6.694110 -0.000026 -6.075007
5177 3 6.890019 -0.000026 16.200019
5178 3 20.474147 -0.000026 14.175016
5179 3 2.361976 -0.000026 10.125012
5180 3 34.058276 -0.000026 16.200019
5181 3 2.361976 -0.000026 -10.125012
5182 3 15.946105 -0.000026 12.150014
5183 3 -6.694110 -0.000026 14.175016
5184 3 34.058276 -0.000026 -8.100009
5185 3 29.530233 -0.000026 -6.075007
5186 3 25.002190 -0.000026 -8.100009
5187 3 2.361976 -0.000026 -2.025002
5188 3 -11.222153 -0.000026 12.150014
5189 3 11.418062 -0.000026 10.125012
5190 3 6.890019 -0.000026 -8.100009
5191 3 29.530233 -0.000026 10.125012
5192 3 -15.750195 -0.000026 2.025002
5193 3 38.586319 -0.000026 6.075007
5194 3 11.418062 -0.000026 2.025002
5195 3 29.530233 -0.000026 6.075007
5196 3 34.058276 -0.000026 4.050005
5197 3 25.002190 -0.000026 0.000000
5198 3 -20.278238 -0.000026 -4.050005
5199 3 -6.694110 -0.000026 6.075007
5200 3 25.002190 -0.000026 8.100009
5201 3 20.474147 -0.000026 -6.075007
5202 3 20.474147 -0.000026 10.125012
5203 3 15.946105 -0.000026 8.100009
5204 3 42.747807 -0.000026 16.200019
5205 3 -24.806281 -0.000026 -10.125012
5206 3 -2.166067 -0.000026 12.150014
5207 3 -20.278238 -0.000026 0.000000
5208 3 -20.278238 -0.000026 4.050005
5209 3 -20.278238 -0.000026 8.100009
5210 3 20.474147 -0.000026 2.025002
5211 3 -24.806281 -0.000026 2.025002
5212 3 2.361976 -0.000026 2.025002
5213 3 42.747807 -0.000026 0.000000
5214 3 11.418062 -0.000026 6.075007
5215 3 15.946105 -0.000026 0.000000
5216 3 25.002190 -0.000026 4.050005
5217 3 38.586319 -0.000026 14.175016
5218 3 -11.222153 -0.000026 -0.000000
5219 3 20.474147 -0.000026 -2.025002
5220 3 -2.166067 -0.000026 -4.050005
5221 3 2.361976 -0.000026 14.175016
5222 3 -11.222153 -0.000026 -4.050005
5223 3 42.747807 -0.000026 12.150014
5224 3 -24.806281 -0.000026 6.075007
5225 3 42.747807 -0.000026 -8.100009
5226 3 42.747807 -0.000026 -4.050005
5227 3 -11.222153 -0.000026 -8.100009
5228 3 42.747807 -0.000026 8.100009
5229 3 -24.806281 -0.000026 10.125012
5230 3 -2.166067 -0.000026 8.100009
5231 3 -2.166067 -0.000026 0.000000
