-7.035982417 -10.68741759 -6.075006993
21.13922059 12.47483285 6.075006993
23.00705571 11.18005425 4.050004662
24.98211575 10.68731506 6.075006993
12.67110723 12.47483285 4.050004662
18.57849611 -10.68741759 10.12501165
16.60343608 -11.18015678 8.100009324
21.81828172 1.29472734 4.050004662
13.43960205 -1.787569053 10.12501165
12.9433713 -5.13e-05 8.100009324
17.2824972 -5.13e-05 10.12501165
13.43960205 1.78746653 10.12501165
15.41466208 1.29472734 8.100009324
19.07472686 12.47483285 8.100009324
14.73560096 12.47483285 10.12501165
15.41466208 -1.294829864 8.100009324
16.60343608 11.18005425 8.100009324
19.84322168 1.78746653 6.075006993
19.34699093 -5.13e-05 4.050004662
13.43960205 -1.787569053 6.075006993
15.41466208 -1.294829864 4.050004662
12.9433713 -5.13e-05 4.050004662
17.2824972 -5.13e-05 6.075006993
13.43960205 1.78746653 6.075006993
15.41466208 1.29472734 4.050004662
23.68611684 -5.13e-05 6.075006993
19.07472686 12.47483285 4.050004662
16.60343608 11.18005425 4.050004662
18.57849612 10.68731506 6.075006993
23.00705571 -11.18015678 4.050004662
24.98211575 -10.68741759 6.075006993
19.84322168 -1.787569053 6.075006993
21.81828172 -1.294829864 4.050004662
14.73560096 12.47483285 6.075006993
16.60343608 -11.18015678 4.050004662
18.57849612 10.68731506 10.12501165
24.98211575 -10.68741759 10.12501165
19.07472686 12.47483285 12.15001399
14.73560096 12.47483285 14.17501632
16.60343608 11.18005425 12.15001399
18.57849612 10.68731506 14.17501632
23.00705571 -11.18015678 12.15001399
24.98211575 -10.68741759 14.17501632
15.41466208 1.29472734 12.15001399
19.84322168 -1.787569053 14.17501632
19.34699093 -5.13e-05 12.15001399
23.68611684 -5.13e-05 14.17501632
19.84322168 1.78746653 14.17501632
21.81828172 1.29472734 12.15001399
21.13922059 12.47483285 14.17501632
23.00705571 11.18005425 12.15001399
21.81828172 -1.294829864 12.15001399
23.00705571 -11.18015678 8.100009324
13.43960205 1.78746653 14.17501632
12.9433713 -5.13e-05 12.15001399
19.84322168 -1.787569053 10.12501165
21.81828172 -1.294829864 8.100009324
19.34699093 -5.13e-05 8.100009324
23.68611684 -5.13e-05 10.12501165
19.84322168 1.78746653 10.12501165
21.81828172 1.29472734 8.100009324
17.2824972 -5.13e-05 14.17501632
21.13922059 12.47483285 10.12501165
24.98211575 10.68731506 10.12501165
12.67110723 12.47483285 8.100009324
18.57849611 -10.68741759 14.17501632
16.60343608 -11.18015678 12.15001399
13.43960205 -1.787569053 14.17501632
15.41466208 -1.294829864 12.15001399
23.00705571 11.18005425 8.100009324
24.98211575 10.68731506 14.17501632
18.57849611 -10.68741759 6.075006993
24.98211575 10.68731506 2.025002331
21.13922059 12.47483285 -6.075006993
23.00705571 11.18005425 -8.100009324
24.98211575 10.68731506 -6.075006993
12.67110723 12.47483285 -8.100009324
18.57849611 -10.68741759 -2.025002331
16.60343608 -11.18015678 -4.050004662
21.81828172 1.29472734 16.20001865
13.43960205 -1.787569053 -2.025002331
12.9433713 -5.13e-05 -4.050004662
17.2824972 -5.13e-05 -2.025002331
13.43960205 1.78746653 -2.025002331
15.41466208 1.29472734 -4.050004662
19.07472686 12.47483285 -4.050004662
14.73560096 12.47483285 -2.025002331
15.41466208 -1.294829864 -4.050004662
16.60343608 11.18005425 -4.050004662
19.84322168 1.78746653 -6.075006993
19.34699093 -5.13e-05 -8.100009324
13.43960205 -1.787569053 -6.075006993
15.41466208 -1.294829864 -8.100009324
12.9433713 -5.13e-05 -8.100009324
17.2824972 -5.13e-05 -6.075006993
13.43960205 1.78746653 -6.075006993
15.41466208 1.29472734 -8.100009324
23.68611684 -5.13e-05 -6.075006993
19.07472686 12.47483285 -8.100009324
16.60343608 11.18005425 -8.100009324
18.57849612 10.68731506 -6.075006993
23.00705571 -11.18015678 16.20001865
24.98211575 -10.68741759 -6.075006993
19.84322168 -1.787569053 -6.075006993
21.81828172 -1.294829864 -8.100009324
14.73560096 12.47483285 -6.075006993
12.67110723 12.47483285 8.4e-16
18.57849612 10.68731506 -2.025002331
24.98211575 -10.68741759 -2.025002331
19.07472686 12.47483285 3.37e-16
14.73560096 12.47483285 2.025002331
16.60343608 11.18005425 3.48e-15
18.57849612 10.68731506 2.025002331
23.00705571 -11.18015678 -1.78e-15
24.98211575 -10.68741759 2.025002331
15.41466208 1.29472734 2.09e-16
19.84322168 -1.787569053 2.025002331
19.34699093 -5.13e-05 2.12e-16
23.68611684 -5.13e-05 2.025002331
19.84322168 1.78746653 2.025002331
21.81828172 1.29472734 -2.66e-15
21.13922059 12.47483285 2.025002331
23.00705571 11.18005425 7.42e-17
21.81828172 -1.294829864 2.01e-15
23.00705571 -11.18015678 -4.050004662
13.43960205 1.78746653 2.025002331
12.9433713 -5.13e-05 1.76e-15
19.84322168 -1.787569053 -2.025002331
21.81828172 -1.294829864 -4.050004662
19.34699093 -5.13e-05 -4.050004662
23.68611684 -5.13e-05 -2.025002331
19.84322168 1.78746653 -2.025002331
21.81828172 1.29472734 -4.050004662
17.2824972 -5.13e-05 2.025002331
21.13922059 12.47483285 -2.025002331
24.98211575 10.68731506 -2.025002331
12.67110723 12.47483285 -4.050004662
18.57849611 -10.68741759 2.025002331
16.60343608 -11.18015678 -8.88e-16
13.43960205 -1.787569053 2.025002331
15.41466208 -1.294829864 2e-15
23.00705571 11.18005425 -4.050004662
12.67110723 12.47483285 12.15001399
31.38573538 -10.68741759 -6.075006993
29.41067535 -11.18015678 16.20001865
37.78935501 10.68731506 6.075006993
25.4783465 12.47483285 4.050004662
31.38573538 -10.68741759 10.12501165
29.41067535 -11.18015678 8.100009324
26.24684132 -1.787569053 10.12501165
28.22190135 -1.294829864 8.100009324
35.81429498 11.18005425 4.050004662
25.75061057 -5.13e-05 8.100009324
26.24684131 1.78746653 10.12501165
28.22190135 1.29472734 8.100009324
31.88196613 12.47483285 8.100009324
27.54284023 12.47483285 10.12501165
29.41067535 11.18005425 8.100009324
31.38573538 10.68731506 10.12501165
30.08973647 -5.13e-05 10.12501165
35.81429498 -11.18015678 8.100009324
33.94645986 12.47483285 6.075006993
32.65046095 1.78746653 6.075006993
25.75061057 -5.13e-05 4.050004662
30.08973647 -5.13e-05 6.075006993
26.24684131 1.78746653 6.075006993
28.22190135 1.29472734 4.050004662
31.88196613 12.47483285 4.050004662
27.54284023 12.47483285 6.075006993
34.62552098 1.29472734 4.050004662
29.41067535 11.18005425 4.050004662
35.81429498 -11.18015678 4.050004662
37.78935501 -10.68741759 6.075006993
32.65046095 -1.787569053 6.075006993
34.62552098 -1.294829864 4.050004662
32.1542302 -5.13e-05 4.050004662
36.4933561 -5.13e-05 6.075006993
31.38573538 10.68731506 6.075006993
28.22190135 -1.294829864 4.050004662
37.78935501 -10.68741759 10.12501165
34.62552098 -1.294829864 8.100009324
29.41067535 11.18005425 12.15001399
31.38573538 10.68731506 14.17501632
35.81429498 -11.18015678 12.15001399
37.78935501 -10.68741759 14.17501632
32.65046095 -1.787569053 14.17501632
34.62552098 -1.294829864 12.15001399
27.54284023 12.47483285 14.17501632
32.1542302 -5.13e-05 12.15001399
32.65046095 1.78746653 14.17501632
34.62552098 1.29472734 12.15001399
33.94645986 12.47483285 14.17501632
35.81429498 11.18005425 12.15001399
37.78935501 10.68731506 14.17501632
25.4783465 12.47483285 12.15001399
36.4933561 -5.13e-05 14.17501632
32.65046095 -1.787569053 10.12501165
31.88196613 12.47483285 12.15001399
26.24684131 1.78746653 14.17501632
32.1542302 -5.13e-05 8.100009324
36.4933561 -5.13e-05 10.12501165
32.65046095 1.78746653 10.12501165
34.62552098 1.29472734 8.100009324
33.94645986 12.47483285 10.12501165
35.81429498 11.18005425 8.100009324
28.22190135 1.29472734 12.15001399
37.78935501 10.68731506 10.12501165
31.38573538 -10.68741759 14.17501632
29.41067535 -11.18015678 12.15001399
26.24684132 -1.787569053 14.17501632
28.22190135 -1.294829864 12.15001399
25.75061057 -5.13e-05 12.15001399
30.08973647 -5.13e-05 14.17501632
25.4783465 12.47483285 8.100009324
26.24684132 -1.787569053 6.075006993
29.41067535 -11.18015678 4.050004662
31.38573538 -10.68741759 6.075006993
35.81429498 11.18005425 -8.100009324
37.78935501 10.68731506 -6.075006993
25.4783465 12.47483285 -8.100009324
31.38573538 -10.68741759 -2.025002331
29.41067535 -11.18015678 -4.050004662
26.24684132 -1.787569053 -2.025002331
33.94645986 12.47483285 -6.075006993
28.22190135 -1.294829864 -4.050004662
30.08973647 -5.13e-05 -2.025002331
26.24684131 1.78746653 -2.025002331
28.22190135 1.29472734 -4.050004662
31.88196613 12.47483285 -4.050004662
27.54284023 12.47483285 -2.025002331
29.41067535 11.18005425 -4.050004662
25.75061057 -5.13e-05 -4.050004662
31.38573538 10.68731506 -2.025002331
34.62552098 1.29472734 16.20001865
36.4933561 -5.13e-05 -6.075006993
26.24684132 -1.787569053 -6.075006993
28.22190135 -1.294829864 -8.100009324
25.75061057 -5.13e-05 -8.100009324
30.08973647 -5.13e-05 -6.075006993
26.24684131 1.78746653 -6.075006993
28.22190135 1.29472734 -8.100009324
32.65046095 1.78746653 -6.075006993
31.88196613 12.47483285 -8.100009324
31.38573538 10.68731506 -6.075006993
35.81429498 -11.18015678 16.20001865
37.78935501 -10.68741759 -6.075006993
32.65046095 -1.787569053 -6.075006993
34.62552098 -1.294829864 -8.100009324
32.1542302 -5.13e-05 -8.100009324
27.54284023 12.47483285 -6.075006993
35.81429498 -11.18015678 -4.050004662
37.78935501 -10.68741759 -2.025002331
32.65046095 -1.787569053 -2.025002331
29.41067535 11.18005425 3.48e-15
31.38573538 10.68731506 2.025002331
35.81429498 -11.18015678 -1.78e-15
37.78935501 -10.68741759 2.025002331
32.65046095 -1.787569053 2.025002331
34.62552098 -1.294829864 2.01e-15
27.54284023 12.47483285 2.025002331
32.1542302 -5.13e-05 2.12e-16
32.65046095 1.78746653 2.025002331
34.62552098 1.29472734 -2.66e-15
33.94645986 12.47483285 2.025002331
35.81429498 11.18005425 7.42e-17
37.78935501 10.68731506 2.025002331
25.4783465 12.47483285 8.4e-16
36.4933561 -5.13e-05 2.025002331
31.88196613 12.47483285 3.37e-16
28.22190135 1.29472734 2.09e-16
26.24684131 1.78746653 2.025002331
34.62552098 -1.294829864 -4.050004662
32.1542302 -5.13e-05 -4.050004662
36.4933561 -5.13e-05 -2.025002331
32.65046095 1.78746653 -2.025002331
34.62552098 1.29472734 -4.050004662
33.94645986 12.47483285 -2.025002331
35.81429498 11.18005425 -4.050004662
37.78935501 10.68731506 -2.025002331
25.4783465 12.47483285 -4.050004662
31.38573538 -10.68741759 2.025002331
29.41067535 -11.18015678 -8.88e-16
26.24684132 -1.787569053 2.025002331
28.22190135 -1.294829864 2e-15
25.75061057 -5.13e-05 1.76e-15
30.08973647 -5.13e-05 2.025002331
16.60343608 -11.18015678 16.20001865
18.57849611 -10.68741759 -6.075006993
29.41067535 11.18005425 -8.100009324
12.17487648 10.68731506 14.17501632
-3.796196815 1.29472734 4.050004662
-4.475257938 12.47483285 6.075006993
-2.607422817 11.18005425 4.050004662
-0.632362783 10.68731506 6.075006993
38.28558576 12.47483285 4.050004662
-7.035982417 -10.68741759 10.12501165
-5.771256849 1.78746653 6.075006993
-9.011042451 -11.18015678 8.100009324
-10.19981645 -1.294829864 8.100009324
-12.67110723 -5.13e-05 8.100009324
-8.331981328 -5.13e-05 10.12501165
-12.17487648 1.78746653 10.12501165
-10.19981645 1.29472734 8.100009324
-6.539751667 12.47483285 8.100009324
-12.17487648 -1.787569053 10.12501165
-10.87887757 12.47483285 10.12501165
-1.928361695 -5.13e-05 6.075006993
-3.796196815 -1.294829864 4.050004662
-9.011042451 -11.18015678 4.050004662
-12.17487648 -1.787569053 6.075006993
-10.19981645 -1.294829864 4.050004662
-12.67110723 -5.13e-05 4.050004662
-8.331981328 -5.13e-05 6.075006993
-12.17487648 1.78746653 6.075006993
-6.267487598 -5.13e-05 4.050004662
-10.19981645 1.29472734 4.050004662
-10.87887757 12.47483285 6.075006993
-9.01104245 11.18005425 4.050004662
-7.035982416 10.68731506 6.075006993
-2.607422818 -11.18015678 4.050004662
-0.632362784 -10.68741759 6.075006993
-5.771256849 -1.787569053 6.075006993
-6.539751667 12.47483285 4.050004662
-7.035982417 -10.68741759 6.075006993
-9.01104245 11.18005425 8.100009324
-2.607422818 -11.18015678 8.100009324
-10.19981645 1.29472734 12.15001399
-6.539751667 12.47483285 12.15001399
-10.87887757 12.47483285 14.17501632
-9.01104245 11.18005425 12.15001399
-7.035982416 10.68731506 14.17501632
-2.607422818 -11.18015678 12.15001399
-12.17487648 1.78746653 14.17501632
-0.632362784 -10.68741759 14.17501632
-3.796196815 -1.294829864 12.15001399
-6.267487598 -5.13e-05 12.15001399
-1.928361695 -5.13e-05 14.17501632
-5.771256849 1.78746653 14.17501632
-3.796196815 1.29472734 12.15001399
-4.475257938 12.47483285 14.17501632
-5.771256849 -1.787569053 14.17501632
-7.035982416 10.68731506 10.12501165
-8.331981328 -5.13e-05 14.17501632
-10.19981645 -1.294829864 12.15001399
-0.632362784 -10.68741759 10.12501165
-5.771256849 -1.787569053 10.12501165
-3.796196815 -1.294829864 8.100009324
-6.267487598 -5.13e-05 8.100009324
-1.928361695 -5.13e-05 10.12501165
-5.771256849 1.78746653 10.12501165
-12.67110723 -5.13e-05 12.15001399
-3.796196815 1.29472734 8.100009324
-2.607422817 11.18005425 8.100009324
-0.632362783 10.68731506 10.12501165
38.28558576 12.47483285 8.100009324
-7.035982417 -10.68741759 14.17501632
-9.011042451 -11.18015678 12.15001399
-12.17487648 -1.787569053 14.17501632
-4.475257938 12.47483285 10.12501165
-2.607422817 11.18005425 12.15001399
38.28558576 12.47483285 8.4e-16
-2.607422817 11.18005425 7.42e-17
-5.771256849 1.78746653 -6.075006993
-3.796196815 1.29472734 16.20001865
-4.475257938 12.47483285 -6.075006993
-2.607422817 11.18005425 -8.100009324
-0.632362783 10.68731506 -6.075006993
38.28558576 12.47483285 -8.100009324
-1.928361695 -5.13e-05 -6.075006993
-7.035982417 -10.68741759 -2.025002331
-12.17487648 -1.787569053 -2.025002331
-10.19981645 -1.294829864 -4.050004662
-12.67110723 -5.13e-05 -4.050004662
-8.331981328 -5.13e-05 -2.025002331
-12.17487648 1.78746653 -2.025002331
-10.19981645 1.29472734 -4.050004662
-9.011042451 -11.18015678 -4.050004662
-6.539751667 12.47483285 -4.050004662
-6.267487598 -5.13e-05 -8.100009324
-5.771256849 -1.787569053 -6.075006993
-0.136132034 12.47483285 12.15001399
-9.011042451 -11.18015678 16.20001865
-12.17487648 -1.787569053 -6.075006993
-10.19981645 -1.294829864 -8.100009324
-12.67110723 -5.13e-05 -8.100009324
-8.331981328 -5.13e-05 -6.075006993
-3.796196815 -1.294829864 -8.100009324
-12.17487648 1.78746653 -6.075006993
-6.539751667 12.47483285 -8.100009324
-10.87887757 12.47483285 -6.075006993
-9.01104245 11.18005425 -8.100009324
-7.035982416 10.68731506 -6.075006993
-2.607422818 -11.18015678 16.20001865
-0.632362784 -10.68741759 -6.075006993
-10.19981645 1.29472734 -8.100009324
-0.632362783 10.68731506 2.025002331
-10.87887757 12.47483285 -2.025002331
-7.035982416 10.68731506 -2.025002331
-12.17487648 1.78746653 2.025002331
-10.19981645 1.29472734 2.09e-16
-6.539751667 12.47483285 3.37e-16
-10.87887757 12.47483285 2.025002331
-9.01104245 11.18005425 3.48e-15
-7.035982416 10.68731506 2.025002331
-8.331981328 -5.13e-05 2.025002331
-2.607422818 -11.18015678 -1.78e-15
-5.771256849 -1.787569053 2.025002331
-3.796196815 -1.294829864 2.01e-15
-6.267487598 -5.13e-05 2.12e-16
-1.928361695 -5.13e-05 2.025002331
-5.771256849 1.78746653 2.025002331
-4.475257938 12.47483285 2.025002331
-0.632362784 -10.68741759 2.025002331
-9.01104245 11.18005425 -4.050004662
-12.67110723 -5.13e-05 1.76e-15
-12.17487648 -1.787569053 2.025002331
-2.607422818 -11.18015678 -4.050004662
-0.632362784 -10.68741759 -2.025002331
-5.771256849 -1.787569053 -2.025002331
-3.796196815 -1.294829864 -4.050004662
-6.267487598 -5.13e-05 -4.050004662
-1.928361695 -5.13e-05 -2.025002331
-10.19981645 -1.294829864 2e-15
-5.771256849 1.78746653 -2.025002331
-4.475257938 12.47483285 -2.025002331
-2.607422817 11.18005425 -4.050004662
-0.632362783 10.68731506 -2.025002331
38.28558576 12.47483285 -4.050004662
-7.035982417 -10.68741759 2.025002331
-9.011042451 -11.18015678 -8.88e-16
-3.796196815 1.29472734 -4.050004662
-0.632362783 10.68731506 14.17501632
-3.796196815 1.29472734 -2.66e-15
5.771256849 -10.68741759 -6.075006993
9.011042451 1.29472734 4.050004662
8.331981328 12.47483285 6.075006993
10.19981645 11.18005425 4.050004662
12.17487648 10.68731506 6.075006993
-0.136132034 12.47483285 4.050004662
5.771256849 -10.68741759 10.12501165
7.035982416 1.78746653 6.075006993
3.796196815 -11.18015678 8.100009324
2.607422818 -1.294829864 8.100009324
0.136132035 -5.13e-05 8.100009324
4.475257938 -5.13e-05 10.12501165
0.632362784 1.78746653 10.12501165
2.607422818 1.29472734 8.100009324
6.267487598 12.47483285 8.100009324
0.632362784 -1.787569053 10.12501165
1.928361695 12.47483285 10.12501165
10.87887757 -5.13e-05 6.075006993
9.011042451 -1.294829864 4.050004662
3.796196815 -11.18015678 4.050004662
0.632362784 -1.787569053 6.075006993
2.607422818 -1.294829864 4.050004662
0.136132035 -5.13e-05 4.050004662
4.475257938 -5.13e-05 6.075006993
0.632362784 1.78746653 6.075006993
6.539751667 -5.13e-05 4.050004662
2.607422818 1.29472734 4.050004662
1.928361695 12.47483285 6.075006993
3.796196816 11.18005425 4.050004662
5.77125685 10.68731506 6.075006993
10.19981645 -11.18015678 4.050004662
12.17487648 -10.68741759 6.075006993
7.035982417 -1.787569053 6.075006993
6.267487598 12.47483285 4.050004662
3.796196816 11.18005425 8.100009324
10.19981645 -11.18015678 8.100009324
12.17487648 -10.68741759 10.12501165
1.928361695 12.47483285 14.17501632
3.796196816 11.18005425 12.15001399
5.77125685 10.68731506 14.17501632
10.19981645 -11.18015678 12.15001399
12.17487648 -10.68741759 14.17501632
7.035982417 -1.787569053 14.17501632
6.267487598 12.47483285 12.15001399
9.011042451 -1.294829864 12.15001399
10.87887757 -5.13e-05 14.17501632
7.035982416 1.78746653 14.17501632
9.011042451 1.29472734 12.15001399
8.331981328 12.47483285 14.17501632
38.28558576 12.47483285 12.15001399
10.19981645 11.18005425 12.15001399
6.539751667 -5.13e-05 12.15001399
2.607422818 1.29472734 12.15001399
0.632362784 1.78746653 14.17501632
4.475257938 -5.13e-05 14.17501632
7.035982417 -1.787569053 10.12501165
9.011042451 -1.294829864 8.100009324
6.539751667 -5.13e-05 8.100009324
10.87887757 -5.13e-05 10.12501165
7.035982416 1.78746653 10.12501165
9.011042451 1.29472734 8.100009324
8.331981328 12.47483285 10.12501165
10.19981645 11.18005425 8.100009324
12.17487648 10.68731506 10.12501165
-0.136132034 12.47483285 8.100009324
5.771256849 -10.68741759 14.17501632
3.796196815 -11.18015678 12.15001399
0.632362784 -1.787569053 14.17501632
2.607422818 -1.294829864 12.15001399
0.136132035 -5.13e-05 12.15001399
5.771256849 -10.68741759 6.075006993
-0.136132034 12.47483285 8.4e-16
5.77125685 10.68731506 10.12501165
10.19981645 11.18005425 7.42e-17
9.011042451 1.29472734 16.20001865
8.331981328 12.47483285 -6.075006993
10.19981645 11.18005425 -8.100009324
12.17487648 10.68731506 -6.075006993
-0.136132034 12.47483285 -8.100009324
5.771256849 -10.68741759 -2.025002331
10.87887757 -5.13e-05 -6.075006993
3.796196815 -11.18015678 -4.050004662
2.607422818 -1.294829864 -4.050004662
0.136132035 -5.13e-05 -4.050004662
4.475257938 -5.13e-05 -2.025002331
0.632362784 1.78746653 -2.025002331
2.607422818 1.29472734 -4.050004662
6.267487598 12.47483285 -4.050004662
0.632362784 -1.787569053 -2.025002331
1.928361695 12.47483285 -2.025002331
6.539751667 -5.13e-05 -8.100009324
7.035982417 -1.787569053 -6.075006993
3.796196815 -11.18015678 16.20001865
0.632362784 -1.787569053 -6.075006993
12.17487648 10.68731506 2.025002331
2.607422818 -1.294829864 -8.100009324
0.136132035 -5.13e-05 -8.100009324
4.475257938 -5.13e-05 -6.075006993
9.011042451 -1.294829864 -8.100009324
0.632362784 1.78746653 -6.075006993
6.267487598 12.47483285 -8.100009324
1.928361695 12.47483285 -6.075006993
3.796196816 11.18005425 -8.100009324
5.77125685 10.68731506 -6.075006993
10.19981645 -11.18015678 16.20001865
12.17487648 -10.68741759 -6.075006993
2.607422818 1.29472734 -8.100009324
3.796196816 11.18005425 -4.050004662
7.035982416 1.78746653 -6.075006993
5.77125685 10.68731506 2.025002331
9.011042451 1.29472734 -2.66e-15
2.607422818 1.29472734 2.09e-16
6.267487598 12.47483285 3.37e-16
1.928361695 12.47483285 2.025002331
3.796196816 11.18005425 3.48e-15
10.19981645 -11.18015678 -1.78e-15
4.475257938 -5.13e-05 2.025002331
12.17487648 -10.68741759 2.025002331
9.011042451 -1.294829864 2.01e-15
6.539751667 -5.13e-05 2.12e-16
10.87887757 -5.13e-05 2.025002331
7.035982416 1.78746653 2.025002331
5.77125685 10.68731506 -2.025002331
8.331981328 12.47483285 2.025002331
7.035982417 -1.787569053 2.025002331
0.136132035 -5.13e-05 1.76e-15
0.632362784 1.78746653 2.025002331
2.607422818 -1.294829864 2e-15
10.19981645 -11.18015678 -4.050004662
12.17487648 -10.68741759 -2.025002331
7.035982417 -1.787569053 -2.025002331
9.011042451 -1.294829864 -4.050004662
6.539751667 -5.13e-05 -4.050004662
10.87887757 -5.13e-05 -2.025002331
9.011042451 1.29472734 -4.050004662
7.035982416 1.78746653 -2.025002331
10.19981645 11.18005425 -4.050004662
12.17487648 10.68731506 -2.025002331
-0.136132034 12.47483285 -4.050004662
5.771256849 -10.68741759 2.025002331
3.796196815 -11.18015678 -8.88e-16
0.632362784 -1.787569053 2.025002331
8.331981328 12.47483285 -2.025002331