-10.6089 -5.1e-05 -6.07501
-4.26613 -0.306779 -5.99937
2.19834 -5.1e-05 -6.07501
8.54111 -0.306779 -5.99937
15.0056 -5.1e-05 -6.07501
21.3484 -0.306779 -5.99937
27.8128 -5.1e-05 -6.07501
34.1556 -0.306779 -5.99937
-10.6089 -5.1e-05 -2.025
-4.20528 -5.1e-05 -2.025
2.19834 -5.1e-05 -2.025
8.60196 -5.1e-05 -2.025
15.0056 -5.1e-05 -2.025
21.4092 -5.1e-05 -2.025
27.8128 -5.1e-05 -2.025
34.2164 -5.1e-05 -2.025
-10.6089 -5.1e-05 2.025
-4.20528 -5.1e-05 2.025
2.19834 -5.1e-05 2.025
8.60196 -5.1e-05 2.025
15.0056 -5.1e-05 2.025
21.4092 -5.1e-05 2.025
27.8128 -5.1e-05 2.025
34.2164 -5.1e-05 2.025
-10.6089 -5.1e-05 6.07501
-4.20528 -5.1e-05 6.07501
2.19834 -5.1e-05 6.07501
8.60196 -5.1e-05 6.07501
15.0056 -5.1e-05 6.07501
21.4092 -5.1e-05 6.07501
27.8128 -5.1e-05 6.07501
34.2164 -5.1e-05 6.07501
-10.6089 -5.1e-05 10.125
-4.20528 -5.1e-05 10.125
2.19834 -5.1e-05 10.125
8.60196 -5.1e-05 10.125
15.0056 -5.1e-05 10.125
21.4092 -5.1e-05 10.125
27.8128 -5.1e-05 10.125
34.2164 -5.1e-05 10.125
-4.21281 0.345018 14.0213
8.59443 0.345018 14.0213
21.4017 0.345018 14.0213
34.2089 0.345018 14.0213