1825 3 -10.6089000000 -0.0000510000 -6.0750100000
1826 3 -4.2661300000 -0.3067790000 -5.9993700000
1827 3 2.1983400000 -0.0000510000 -6.0750100000
1828 3 8.5411100000 -0.3067790000 -5.9993700000
1829 3 15.0056000000 -0.0000510000 -6.0750100000
1830 3 21.3484000000 -0.3067790000 -5.9993700000
1831 3 27.8128000000 -0.0000510000 -6.0750100000
1832 3 34.1556000000 -0.3067790000 -5.9993700000
1833 3 -10.6089000000 -0.0000510000 -2.0250000000
1834 3 -4.2052800000 -0.0000510000 -2.0250000000
1835 3 2.1983400000 -0.0000510000 -2.0250000000
1836 3 8.6019600000 -0.0000510000 -2.0250000000
1837 3 15.0056000000 -0.0000510000 -2.0250000000
1838 3 21.4092000000 -0.0000510000 -2.0250000000
1839 3 27.8128000000 -0.0000510000 -2.0250000000
1840 3 34.2164000000 -0.0000510000 -2.0250000000
1841 3 -10.6089000000 -0.0000510000 2.0250000000
1842 3 -4.2052800000 -0.0000510000 2.0250000000
1843 3 2.1983400000 -0.0000510000 2.0250000000
1844 3 8.6019600000 -0.0000510000 2.0250000000
1845 3 15.0056000000 -0.0000510000 2.0250000000
1846 3 21.4092000000 -0.0000510000 2.0250000000
1847 3 27.8128000000 -0.0000510000 2.0250000000
1848 3 34.2164000000 -0.0000510000 2.0250000000
1849 3 -10.6089000000 -0.0000510000 6.0750100000
1850 3 -4.2052800000 -0.0000510000 6.0750100000
1851 3 2.1983400000 -0.0000510000 6.0750100000
1852 3 8.6019600000 -0.0000510000 6.0750100000
1853 3 15.0056000000 -0.0000510000 6.0750100000
1854 3 21.4092000000 -0.0000510000 6.0750100000
1855 3 27.8128000000 -0.0000510000 6.0750100000
1856 3 34.2164000000 -0.0000510000 6.0750100000
1857 3 -10.6089000000 -0.0000510000 10.1250000000
1858 3 -4.2052800000 -0.0000510000 10.1250000000
1859 3 2.1983400000 -0.0000510000 10.1250000000
1860 3 8.6019600000 -0.0000510000 10.1250000000
1861 3 15.0056000000 -0.0000510000 10.1250000000
1862 3 21.4092000000 -0.0000510000 10.1250000000
1863 3 27.8128000000 -0.0000510000 10.1250000000
1864 3 34.2164000000 -0.0000510000 10.1250000000
1865 3 -4.2128100000 0.3450180000 14.0213000000
1866 3 8.5944300000 0.3450180000 14.0213000000
1867 3 21.4017000000 0.3450180000 14.0213000000
1868 3 34.2089000000 0.3450180000 14.0213000000
