23.63929040 -0.00005100 -4.05000500
-1.97518820 -0.00005100 0.00000000
8.60196186 -0.00005121 10.12501186
17.23567080 -0.00005100 4.05000500
-10.60889671 -0.00005121 6.07500700
2.19834257 -0.00005121 2.02500214
21.40920129 -0.00005121 10.12501186
8.60196186 -0.00005121 2.02500214
-4.20527729 -0.00005121 6.07500700
-1.97518820 -0.00005100 12.15001400
17.23567080 -0.00005100 -4.05000500
-10.60889671 -0.00005121 -2.02500214
-8.37880800 -0.00005100 8.10000900
4.42843140 -0.00005100 8.10000900
8.60196186 -0.00005121 -2.02500214
15.00558157 -0.00005121 2.02500214
30.04290980 -0.00005100 8.10000900
27.81282086 -0.00005121 6.07500700
23.63929040 -0.00005100 12.15001400
-1.97518820 -0.00005100 -4.05000500
8.60196186 -0.00005121 6.07500700
23.63929040 -0.00005100 4.05000500
21.40166837 0.34501800 14.02133662
2.19834257 -0.00005121 10.12501186
-10.60889671 -0.00005121 -6.07500700
34.21644057 -0.00005121 10.12501186
21.40920129 -0.00005121 2.02500214
2.19834257 -0.00005121 6.07500700
30.04290980 -0.00005100 12.15001400
-4.20527729 -0.00005121 10.12501186
30.04290980 -0.00005100 0.00000000
34.21644057 -0.00005121 -2.02500214
34.21644057 -0.00005121 2.02500214
30.04290980 -0.00005100 4.05000500
-4.20527729 -0.00005121 -2.02500214
-8.37880800 -0.00005100 4.05000500
-1.97518820 -0.00005100 4.05000500
4.42843140 -0.00005100 12.15001400
-4.21281013 0.34501800 14.02133662
8.59442900 0.34501800 14.02133662
21.40920129 -0.00005121 6.07500700
27.81282086 -0.00005121 -6.07500700
34.21644057 -0.00005121 6.07500700
15.00558157 -0.00005121 10.12501186
4.42843140 -0.00005100 0.00000000
2.19834257 -0.00005121 -2.02500214
-10.60889671 -0.00005121 10.12501186
-1.97518820 -0.00005100 8.10000900
-4.20527729 -0.00005121 2.02500214
27.81282086 -0.00005121 2.02500214
17.23567080 -0.00005100 12.15001400
2.19834257 -0.00005121 -6.07500700
10.83205080 -0.00005100 12.15001400
27.81282086 -0.00005121 -2.02500214
15.00558157 -0.00005121 6.07500700
15.00558157 -0.00005121 -6.07500700
10.83205080 -0.00005100 -4.05000500
4.42843140 -0.00005100 -4.05000500
23.63929040 -0.00005100 8.10000900
34.15559144 -0.30677933 -5.99936667
17.23567080 -0.00005100 8.10000900
-10.60889671 -0.00005121 2.02500214
21.34835211 -0.30677933 -5.99936667
23.63929040 -0.00005100 0.00000000
27.81282086 -0.00005121 10.12501186
-8.37880800 -0.00005100 12.15001400
17.23567080 -0.00005100 0.00000000
30.04290980 -0.00005100 -4.05000500
4.42843140 -0.00005100 4.05000500
10.83205080 -0.00005100 8.10000900
-4.26612644 -0.30677933 -5.99936667
21.40920129 -0.00005121 -2.02500214
-8.37880800 -0.00005100 -4.05000500
15.00558157 -0.00005121 -2.02500214
-8.37880800 -0.00005100 0.00000000
8.54111267 -0.30677933 -5.99936667
10.83205080 -0.00005100 0.00000000
34.20890775 0.34501800 14.02133662
