1825 3 23.639290 -0.000051 -4.050005
1826 3 -1.975188 -0.000051 0.000000
1827 3 8.601962 -0.000051 10.125012
1828 3 17.235671 -0.000051 4.050005
1829 3 -10.608897 -0.000051 6.075007
1830 3 2.198343 -0.000051 2.025002
1831 3 21.409201 -0.000051 10.125012
1832 3 8.601962 -0.000051 2.025002
1833 3 -4.205277 -0.000051 6.075007
1834 3 -1.975188 -0.000051 12.150014
1835 3 17.235671 -0.000051 -4.050005
1836 3 -10.608897 -0.000051 -2.025002
1837 3 -8.378808 -0.000051 8.100009
1838 3 4.428431 -0.000051 8.100009
1839 3 8.601962 -0.000051 -2.025002
1840 3 15.005582 -0.000051 2.025002
1841 3 30.042910 -0.000051 8.100009
1842 3 27.812821 -0.000051 6.075007
1843 3 23.639290 -0.000051 12.150014
1844 3 -1.975188 -0.000051 -4.050005
1845 3 8.601962 -0.000051 6.075007
1846 3 23.639290 -0.000051 4.050005
1847 3 21.401668 0.345018 14.021337
1848 3 2.198343 -0.000051 10.125012
1849 3 -10.608897 -0.000051 -6.075007
1850 3 34.216441 -0.000051 10.125012
1851 3 21.409201 -0.000051 2.025002
1852 3 2.198343 -0.000051 6.075007
1853 3 30.042910 -0.000051 12.150014
1854 3 -4.205277 -0.000051 10.125012
1855 3 30.042910 -0.000051 0.000000
1856 3 34.216441 -0.000051 -2.025002
1857 3 34.216441 -0.000051 2.025002
1858 3 30.042910 -0.000051 4.050005
1859 3 -4.205277 -0.000051 -2.025002
1860 3 -8.378808 -0.000051 4.050005
1861 3 -1.975188 -0.000051 4.050005
1862 3 4.428431 -0.000051 12.150014
1863 3 -4.212810 0.345018 14.021337
1864 3 8.594429 0.345018 14.021337
1865 3 21.409201 -0.000051 6.075007
1866 3 27.812821 -0.000051 -6.075007
1867 3 34.216441 -0.000051 6.075007
1868 3 15.005582 -0.000051 10.125012
1869 3 4.428431 -0.000051 0.000000
1870 3 2.198343 -0.000051 -2.025002
1871 3 -10.608897 -0.000051 10.125012
1872 3 -1.975188 -0.000051 8.100009
1873 3 -4.205277 -0.000051 2.025002
1874 3 27.812821 -0.000051 2.025002
1875 3 17.235671 -0.000051 12.150014
1876 3 2.198343 -0.000051 -6.075007
1877 3 10.832051 -0.000051 12.150014
1878 3 27.812821 -0.000051 -2.025002
1879 3 15.005582 -0.000051 6.075007
1880 3 15.005582 -0.000051 -6.075007
1881 3 10.832051 -0.000051 -4.050005
1882 3 4.428431 -0.000051 -4.050005
1883 3 23.639290 -0.000051 8.100009
1884 3 34.155591 -0.306779 -5.999367
1885 3 17.235671 -0.000051 8.100009
1886 3 -10.608897 -0.000051 2.025002
1887 3 21.348352 -0.306779 -5.999367
1888 3 23.639290 -0.000051 0.000000
1889 3 27.812821 -0.000051 10.125012
1890 3 -8.378808 -0.000051 12.150014
1891 3 17.235671 -0.000051 0.000000
1892 3 30.042910 -0.000051 -4.050005
1893 3 4.428431 -0.000051 4.050005
1894 3 10.832051 -0.000051 8.100009
1895 3 -4.266126 -0.306779 -5.999367
1896 3 21.409201 -0.000051 -2.025002
1897 3 -8.378808 -0.000051 -4.050005
1898 3 15.005582 -0.000051 -2.025002
1899 3 -8.378808 -0.000051 0.000000
1900 3 8.541113 -0.306779 -5.999367
1901 3 10.832051 -0.000051 0.000000
1902 3 34.208908 0.345018 14.021337
