1 -7.035982417 -10.68741759 -6.075006993
2 -9.011042451 -11.18015678 16.20001865
3 -12.17487648 -1.787569053 -6.075006993
4 -10.19981645 -1.294829864 -8.100009324
5 -12.67110723 -5.13e-05 -8.100009324
6 -8.331981328 -5.13e-05 -6.075006993
7 -12.17487648 1.78746653 -6.075006993
8 -10.19981645 1.29472734 -8.100009324
9 -6.539751667 12.47483285 -8.100009324
10 -10.87887757 12.47483285 -6.075006993
11 -9.01104245 11.18005425 -8.100009324
12 -7.035982416 10.68731506 -6.075006993
13 -2.607422818 -11.18015678 16.20001865
14 -0.632362784 -10.68741759 -6.075006993
15 -5.771256849 -1.787569053 -6.075006993
16 -3.796196815 -1.294829864 -8.100009324
17 -6.267487598 -5.13e-05 -8.100009324
18 -1.928361695 -5.13e-05 -6.075006993
19 -5.771256849 1.78746653 -6.075006993
20 -3.796196815 1.29472734 16.20001865
21 -4.475257938 12.47483285 -6.075006993
22 -2.607422817 11.18005425 -8.100009324
23 -0.632362783 10.68731506 -6.075006993
24 38.28558576 12.47483285 -8.100009324
25 -7.035982417 -10.68741759 -2.025002331
26 -9.011042451 -11.18015678 -4.050004662
27 -12.17487648 -1.787569053 -2.025002331
28 -10.19981645 -1.294829864 -4.050004662
29 -12.67110723 -5.13e-05 -4.050004662
30 -8.331981328 -5.13e-05 -2.025002331
31 -12.17487648 1.78746653 -2.025002331
32 -10.19981645 1.29472734 -4.050004662
33 -6.539751667 12.47483285 -4.050004662
34 -10.87887757 12.47483285 -2.025002331
35 -9.01104245 11.18005425 -4.050004662
36 -7.035982416 10.68731506 -2.025002331
37 -2.607422818 -11.18015678 -4.050004662
38 -0.632362784 -10.68741759 -2.025002331
39 -5.771256849 -1.787569053 -2.025002331
40 -3.796196815 -1.294829864 -4.050004662
41 -6.267487598 -5.13e-05 -4.050004662
42 -1.928361695 -5.13e-05 -2.025002331
43 -5.771256849 1.78746653 -2.025002331
44 -3.796196815 1.29472734 -4.050004662
45 -4.475257938 12.47483285 -2.025002331
46 -2.607422817 11.18005425 -4.050004662
47 -0.632362783 10.68731506 -2.025002331
48 38.28558576 12.47483285 -4.050004662
49 -7.035982417 -10.68741759 2.025002331
50 -9.011042451 -11.18015678 -8.88e-16
51 -12.17487648 -1.787569053 2.025002331
52 -10.19981645 -1.294829864 2.0e-15
53 -12.67110723 -5.13e-05 1.76e-15
54 -8.331981328 -5.13e-05 2.025002331
55 -12.17487648 1.78746653 2.025002331
56 -10.19981645 1.29472734 2.9e-16
57 -6.539751667 12.47483285 3.37e-16
58 -10.87887757 12.47483285 2.025002331
59 -9.01104245 11.18005425 3.48e-15
60 -7.035982416 10.68731506 2.025002331
61 -2.607422818 -11.18015678 -1.78e-15
62 -0.632362784 -10.68741759 2.025002331
63 -5.771256849 -1.787569053 2.025002331
64 -3.796196815 -1.294829864 2.01e-15
65 -6.267487598 -5.13e-05 2.12e-16
66 -1.928361695 -5.13e-05 2.025002331
67 -5.771256849 1.78746653 2.025002331
68 -3.796196815 1.29472734 -2.66e-15
69 -4.475257938 12.47483285 2.025002331
70 -2.607422817 11.18005425 7.42e-17
71 -0.632362783 10.68731506 2.025002331
72 38.28558576 12.47483285 8.4e-16
73 -7.035982417 -10.68741759 6.075006993
74 -9.011042451 -11.18015678 4.050004662
75 -12.17487648 -1.787569053 6.075006993
76 -10.19981645 -1.294829864 4.050004662
77 -12.67110723 -5.13e-05 4.050004662
78 -8.331981328 -5.13e-05 6.075006993
79 -12.17487648 1.78746653 6.075006993
80 -10.19981645 1.29472734 4.050004662
81 -6.539751667 12.47483285 4.050004662
82 -10.87887757 12.47483285 6.075006993
83 -9.01104245 11.18005425 4.050004662
84 -7.035982416 10.68731506 6.075006993
85 -2.607422818 -11.18015678 4.050004662
86 -0.632362784 -10.68741759 6.075006993
87 -5.771256849 -1.787569053 6.075006993
88 -3.796196815 -1.294829864 4.050004662
89 -6.267487598 -5.13e-05 4.050004662
90 -1.928361695 -5.13e-05 6.075006993
91 -5.771256849 1.78746653 6.075006993
92 -3.796196815 1.29472734 4.050004662
93 -4.475257938 12.47483285 6.075006993
94 -2.607422817 11.18005425 4.050004662
95 -0.632362783 10.68731506 6.075006993
96 38.28558576 12.47483285 4.050004662
97 -7.035982417 -10.68741759 10.12501165
98 -9.011042451 -11.18015678 8.100009324
99 -12.17487648 -1.787569053 10.12501165
100 -10.19981645 -1.294829864 8.100009324
101 -12.67110723 -5.13e-05 8.100009324
102 -8.331981328 -5.13e-05 10.12501165
103 -12.17487648 1.78746653 10.12501165
104 -10.19981645 1.29472734 8.100009324
105 -6.539751667 12.47483285 8.100009324
106 -10.87887757 12.47483285 10.12501165
107 -9.01104245 11.18005425 8.100009324
108 -7.035982416 10.68731506 10.12501165
109 -2.607422818 -11.18015678 8.100009324
110 -0.632362784 -10.68741759 10.12501165
111 -5.771256849 -1.787569053 10.12501165
112 -3.796196815 -1.294829864 8.100009324
113 -6.267487598 -5.13e-05 8.100009324
114 -1.928361695 -5.13e-05 10.12501165
115 -5.771256849 1.78746653 10.12501165
116 -3.796196815 1.29472734 8.100009324
117 -4.475257938 12.47483285 10.12501165
118 -2.607422817 11.18005425 8.100009324
119 -0.632362783 10.68731506 10.12501165
120 38.28558576 12.47483285 8.100009324
121 -7.035982417 -10.68741759 14.17501632
122 -9.011042451 -11.18015678 12.15001399
123 -12.17487648 -1.787569053 14.17501632
124 -10.19981645 -1.294829864 12.15001399
125 -12.67110723 -5.13e-05 12.15001399
126 -8.331981328 -5.13e-05 14.17501632
127 -12.17487648 1.78746653 14.17501632
128 -10.19981645 1.29472734 12.15001399
129 -6.539751667 12.47483285 12.15001399
130 -10.87887757 12.47483285 14.17501632
131 -9.01104245 11.18005425 12.15001399
132 -7.035982416 10.68731506 14.17501632
133 -2.607422818 -11.18015678 12.15001399
134 -0.632362784 -10.68741759 14.17501632
135 -5.771256849 -1.787569053 14.17501632
136 -3.796196815 -1.294829864 12.15001399
137 -6.267487598 -5.13e-05 12.15001399
138 -1.928361695 -5.13e-05 14.17501632
139 -5.771256849 1.78746653 14.17501632
140 -3.796196815 1.29472734 12.15001399
141 -4.475257938 12.47483285 14.17501632
142 -2.607422817 11.18005425 12.15001399
143 -0.632362783 10.68731506 14.17501632
144 38.28558576 12.47483285 12.15001399
145 5.771256849 -10.68741759 -6.075006993
146 3.796196815 -11.18015678 16.20001865
147 0.632362784 -1.787569053 -6.075006993
148 2.607422818 -1.294829864 -8.100009324
149 0.136132035 -5.13e-05 -8.100009324
150 4.475257938 -5.13e-05 -6.075006993
151 0.632362784 1.78746653 -6.075006993
152 2.607422818 1.29472734 -8.100009324
153 6.267487598 12.47483285 -8.100009324
154 1.928361695 12.47483285 -6.075006993
155 3.796196816 11.18005425 -8.100009324
156 5.77125685 10.68731506 -6.075006993
157 10.19981645 -11.18015678 16.20001865
158 12.17487648 -10.68741759 -6.075006993
159 7.035982417 -1.787569053 -6.075006993
160 9.011042451 -1.294829864 -8.100009324
161 6.539751667 -5.13e-05 -8.100009324
162 10.87887757 -5.13e-05 -6.075006993
163 7.035982416 1.78746653 -6.075006993
164 9.011042451 1.29472734 16.20001865
165 8.331981328 12.47483285 -6.075006993
166 10.19981645 11.18005425 -8.100009324
167 12.17487648 10.68731506 -6.075006993
168 -0.136132034 12.47483285 -8.100009324
169 5.771256849 -10.68741759 -2.025002331
170 3.796196815 -11.18015678 -4.050004662
171 0.632362784 -1.787569053 -2.025002331
172 2.607422818 -1.294829864 -4.050004662
173 0.136132035 -5.13e-05 -4.050004662
174 4.475257938 -5.13e-05 -2.025002331
175 0.632362784 1.78746653 -2.025002331
176 2.607422818 1.29472734 -4.050004662
177 6.267487598 12.47483285 -4.050004662
178 1.928361695 12.47483285 -2.025002331
179 3.796196816 11.18005425 -4.050004662
180 5.77125685 10.68731506 -2.025002331
181 10.19981645 -11.18015678 -4.050004662
182 12.17487648 -10.68741759 -2.025002331
183 7.035982417 -1.787569053 -2.025002331
184 9.011042451 -1.294829864 -4.050004662
185 6.539751667 -5.13e-05 -4.050004662
186 10.87887757 -5.13e-05 -2.025002331
187 7.035982416 1.78746653 -2.025002331
188 9.011042451 1.29472734 -4.050004662
189 8.331981328 12.47483285 -2.025002331
190 10.19981645 11.18005425 -4.050004662
191 12.17487648 10.68731506 -2.025002331
192 -0.136132034 12.47483285 -4.050004662
193 5.771256849 -10.68741759 2.025002331
194 3.796196815 -11.18015678 -8.88e-16
195 0.632362784 -1.787569053 2.025002331
196 2.607422818 -1.294829864 2.0e-15
197 0.136132035 -5.13e-05 1.76e-15
198 4.475257938 -5.13e-05 2.025002331
199 0.632362784 1.78746653 2.025002331
200 2.607422818 1.29472734 2.9e-16
201 6.267487598 12.47483285 3.37e-16
202 1.928361695 12.47483285 2.025002331
203 3.796196816 11.18005425 3.48e-15
204 5.77125685 10.68731506 2.025002331
205 10.19981645 -11.18015678 -1.78e-15
206 12.17487648 -10.68741759 2.025002331
207 7.035982417 -1.787569053 2.025002331
208 9.011042451 -1.294829864 2.01e-15
209 6.539751667 -5.13e-05 2.12e-16
210 10.87887757 -5.13e-05 2.025002331
211 7.035982416 1.78746653 2.025002331
212 9.011042451 1.29472734 -2.66e-15
213 8.331981328 12.47483285 2.025002331
214 10.19981645 11.18005425 7.42e-17
215 12.17487648 10.68731506 2.025002331
216 -0.136132034 12.47483285 8.4e-16
217 5.771256849 -10.68741759 6.075006993
218 3.796196815 -11.18015678 4.050004662
219 0.632362784 -1.787569053 6.075006993
220 2.607422818 -1.294829864 4.050004662
221 0.136132035 -5.13e-05 4.050004662
222 4.475257938 -5.13e-05 6.075006993
223 0.632362784 1.78746653 6.075006993
224 2.607422818 1.29472734 4.050004662
225 6.267487598 12.47483285 4.050004662
226 1.928361695 12.47483285 6.075006993
227 3.796196816 11.18005425 4.050004662
228 5.77125685 10.68731506 6.075006993
229 10.19981645 -11.18015678 4.050004662
230 12.17487648 -10.68741759 6.075006993
231 7.035982417 -1.787569053 6.075006993
232 9.011042451 -1.294829864 4.050004662
233 6.539751667 -5.13e-05 4.050004662
234 10.87887757 -5.13e-05 6.075006993
235 7.035982416 1.78746653 6.075006993
236 9.011042451 1.29472734 4.050004662
237 8.331981328 12.47483285 6.075006993
238 10.19981645 11.18005425 4.050004662
239 12.17487648 10.68731506 6.075006993
240 -0.136132034 12.47483285 4.050004662
241 5.771256849 -10.68741759 10.12501165
242 3.796196815 -11.18015678 8.100009324
243 0.632362784 -1.787569053 10.12501165
244 2.607422818 -1.294829864 8.100009324
245 0.136132035 -5.13e-05 8.100009324
246 4.475257938 -5.13e-05 10.12501165
247 0.632362784 1.78746653 10.12501165
248 2.607422818 1.29472734 8.100009324
249 6.267487598 12.47483285 8.100009324
250 1.928361695 12.47483285 10.12501165
251 3.796196816 11.18005425 8.100009324
252 5.77125685 10.68731506 10.12501165
253 10.19981645 -11.18015678 8.100009324
254 12.17487648 -10.68741759 10.12501165
255 7.035982417 -1.787569053 10.12501165
256 9.011042451 -1.294829864 8.100009324
257 6.539751667 -5.13e-05 8.100009324
258 10.87887757 -5.13e-05 10.12501165
259 7.035982416 1.78746653 10.12501165
260 9.011042451 1.29472734 8.100009324
261 8.331981328 12.47483285 10.12501165
262 10.19981645 11.18005425 8.100009324
263 12.17487648 10.68731506 10.12501165
264 -0.136132034 12.47483285 8.100009324
265 5.771256849 -10.68741759 14.17501632
266 3.796196815 -11.18015678 12.15001399
267 0.632362784 -1.787569053 14.17501632
268 2.607422818 -1.294829864 12.15001399
269 0.136132035 -5.13e-05 12.15001399
270 4.475257938 -5.13e-05 14.17501632
271 0.632362784 1.78746653 14.17501632
272 2.607422818 1.29472734 12.15001399
273 6.267487598 12.47483285 12.15001399
274 1.928361695 12.47483285 14.17501632
275 3.796196816 11.18005425 12.15001399
276 5.77125685 10.68731506 14.17501632
277 10.19981645 -11.18015678 12.15001399
278 12.17487648 -10.68741759 14.17501632
279 7.035982417 -1.787569053 14.17501632
280 9.011042451 -1.294829864 12.15001399
281 6.539751667 -5.13e-05 12.15001399
282 10.87887757 -5.13e-05 14.17501632
283 7.035982416 1.78746653 14.17501632
284 9.011042451 1.29472734 12.15001399
285 8.331981328 12.47483285 14.17501632
286 10.19981645 11.18005425 12.15001399
287 12.17487648 10.68731506 14.17501632
288 -0.136132034 12.47483285 12.15001399
289 18.57849611 -10.68741759 -6.075006993
290 16.60343608 -11.18015678 16.20001865
291 13.43960205 -1.787569053 -6.075006993
292 15.41466208 -1.294829864 -8.100009324
293 12.9433713 -5.13e-05 -8.100009324
294 17.2824972 -5.13e-05 -6.075006993
295 13.43960205 1.78746653 -6.075006993
296 15.41466208 1.29472734 -8.100009324
297 19.07472686 12.47483285 -8.100009324
298 14.73560096 12.47483285 -6.075006993
299 16.60343608 11.18005425 -8.100009324
300 18.57849612 10.68731506 -6.075006993
301 23.00705571 -11.18015678 16.20001865
302 24.98211575 -10.68741759 -6.075006993
303 19.84322168 -1.787569053 -6.075006993
304 21.81828172 -1.294829864 -8.100009324
305 19.34699093 -5.13e-05 -8.100009324
306 23.68611684 -5.13e-05 -6.075006993
307 19.84322168 1.78746653 -6.075006993
308 21.81828172 1.29472734 16.20001865
309 21.13922059 12.47483285 -6.075006993
310 23.00705571 11.18005425 -8.100009324
311 24.98211575 10.68731506 -6.075006993
312 12.67110723 12.47483285 -8.100009324
313 18.57849611 -10.68741759 -2.025002331
314 16.60343608 -11.18015678 -4.050004662
315 13.43960205 -1.787569053 -2.025002331
316 15.41466208 -1.294829864 -4.050004662
317 12.9433713 -5.13e-05 -4.050004662
318 17.2824972 -5.13e-05 -2.025002331
319 13.43960205 1.78746653 -2.025002331
320 15.41466208 1.29472734 -4.050004662
321 19.07472686 12.47483285 -4.050004662
322 14.73560096 12.47483285 -2.025002331
323 16.60343608 11.18005425 -4.050004662
324 18.57849612 10.68731506 -2.025002331
325 23.00705571 -11.18015678 -4.050004662
326 24.98211575 -10.68741759 -2.025002331
327 19.84322168 -1.787569053 -2.025002331
328 21.81828172 -1.294829864 -4.050004662
329 19.34699093 -5.13e-05 -4.050004662
330 23.68611684 -5.13e-05 -2.025002331
331 19.84322168 1.78746653 -2.025002331
332 21.81828172 1.29472734 -4.050004662
333 21.13922059 12.47483285 -2.025002331
334 23.00705571 11.18005425 -4.050004662
335 24.98211575 10.68731506 -2.025002331
336 12.67110723 12.47483285 -4.050004662
337 18.57849611 -10.68741759 2.025002331
338 16.60343608 -11.18015678 -8.88e-16
339 13.43960205 -1.787569053 2.025002331
340 15.41466208 -1.294829864 2.0e-15
341 12.9433713 -5.13e-05 1.76e-15
342 17.2824972 -5.13e-05 2.025002331
343 13.43960205 1.78746653 2.025002331
344 15.41466208 1.29472734 2.9e-16
345 19.07472686 12.47483285 3.37e-16
346 14.73560096 12.47483285 2.025002331
347 16.60343608 11.18005425 3.48e-15
348 18.57849612 10.68731506 2.025002331
349 23.00705571 -11.18015678 -1.78e-15
350 24.98211575 -10.68741759 2.025002331
351 19.84322168 -1.787569053 2.025002331
352 21.81828172 -1.294829864 2.01e-15
353 19.34699093 -5.13e-05 2.12e-16
354 23.68611684 -5.13e-05 2.025002331
355 19.84322168 1.78746653 2.025002331
356 21.81828172 1.29472734 -2.66e-15
357 21.13922059 12.47483285 2.025002331
358 23.00705571 11.18005425 7.42e-17
359 24.98211575 10.68731506 2.025002331
360 12.67110723 12.47483285 8.4e-16
361 18.57849611 -10.68741759 6.075006993
362 16.60343608 -11.18015678 4.050004662
363 13.43960205 -1.787569053 6.075006993
364 15.41466208 -1.294829864 4.050004662
365 12.9433713 -5.13e-05 4.050004662
366 17.2824972 -5.13e-05 6.075006993
367 13.43960205 1.78746653 6.075006993
368 15.41466208 1.29472734 4.050004662
369 19.07472686 12.47483285 4.050004662
370 14.73560096 12.47483285 6.075006993
371 16.60343608 11.18005425 4.050004662
372 18.57849612 10.68731506 6.075006993
373 23.00705571 -11.18015678 4.050004662
374 24.98211575 -10.68741759 6.075006993
375 19.84322168 -1.787569053 6.075006993
376 21.81828172 -1.294829864 4.050004662
377 19.34699093 -5.13e-05 4.050004662
378 23.68611684 -5.13e-05 6.075006993
379 19.84322168 1.78746653 6.075006993
380 21.81828172 1.29472734 4.050004662
381 21.13922059 12.47483285 6.075006993
382 23.00705571 11.18005425 4.050004662
383 24.98211575 10.68731506 6.075006993
384 12.67110723 12.47483285 4.050004662
385 18.57849611 -10.68741759 10.12501165
386 16.60343608 -11.18015678 8.100009324
387 13.43960205 -1.787569053 10.12501165
388 15.41466208 -1.294829864 8.100009324
389 12.9433713 -5.13e-05 8.100009324
390 17.2824972 -5.13e-05 10.12501165
391 13.43960205 1.78746653 10.12501165
392 15.41466208 1.29472734 8.100009324
393 19.07472686 12.47483285 8.100009324
394 14.73560096 12.47483285 10.12501165
395 16.60343608 11.18005425 8.100009324
396 18.57849612 10.68731506 10.12501165
397 23.00705571 -11.18015678 8.100009324
398 24.98211575 -10.68741759 10.12501165
399 19.84322168 -1.787569053 10.12501165
400 21.81828172 -1.294829864 8.100009324
401 19.34699093 -5.13e-05 8.100009324
402 23.68611684 -5.13e-05 10.12501165
403 19.84322168 1.78746653 10.12501165
404 21.81828172 1.29472734 8.100009324
405 21.13922059 12.47483285 10.12501165
406 23.00705571 11.18005425 8.100009324
407 24.98211575 10.68731506 10.12501165
408 12.67110723 12.47483285 8.100009324
409 18.57849611 -10.68741759 14.17501632
410 16.60343608 -11.18015678 12.15001399
411 13.43960205 -1.787569053 14.17501632
412 15.41466208 -1.294829864 12.15001399
413 12.9433713 -5.13e-05 12.15001399
414 17.2824972 -5.13e-05 14.17501632
415 13.43960205 1.78746653 14.17501632
416 15.41466208 1.29472734 12.15001399
417 19.07472686 12.47483285 12.15001399
418 14.73560096 12.47483285 14.17501632
419 16.60343608 11.18005425 12.15001399
420 18.57849612 10.68731506 14.17501632
421 23.00705571 -11.18015678 12.15001399
422 24.98211575 -10.68741759 14.17501632
423 19.84322168 -1.787569053 14.17501632
424 21.81828172 -1.294829864 12.15001399
425 19.34699093 -5.13e-05 12.15001399
426 23.68611684 -5.13e-05 14.17501632
427 19.84322168 1.78746653 14.17501632
428 21.81828172 1.29472734 12.15001399
429 21.13922059 12.47483285 14.17501632
430 23.00705571 11.18005425 12.15001399
431 24.98211575 10.68731506 14.17501632
432 12.67110723 12.47483285 12.15001399
433 31.38573538 -10.68741759 -6.075006993
434 29.41067535 -11.18015678 16.20001865
435 26.24684132 -1.787569053 -6.075006993
436 28.22190135 -1.294829864 -8.100009324
437 25.75061057 -5.13e-05 -8.100009324
438 30.08973647 -5.13e-05 -6.075006993
439 26.24684131 1.78746653 -6.075006993
440 28.22190135 1.29472734 -8.100009324
441 31.88196613 12.47483285 -8.100009324
442 27.54284023 12.47483285 -6.075006993
443 29.41067535 11.18005425 -8.100009324
444 31.38573538 10.68731506 -6.075006993
445 35.81429498 -11.18015678 16.20001865
446 37.78935501 -10.68741759 -6.075006993
447 32.65046095 -1.787569053 -6.075006993
448 34.62552098 -1.294829864 -8.100009324
449 32.1542302 -5.13e-05 -8.100009324
450 36.4933561 -5.13e-05 -6.075006993
451 32.65046095 1.78746653 -6.075006993
452 34.62552098 1.29472734 16.20001865
453 33.94645986 12.47483285 -6.075006993
454 35.81429498 11.18005425 -8.100009324
455 37.78935501 10.68731506 -6.075006993
456 25.4783465 12.47483285 -8.100009324
457 31.38573538 -10.68741759 -2.025002331
458 29.41067535 -11.18015678 -4.050004662
459 26.24684132 -1.787569053 -2.025002331
460 28.22190135 -1.294829864 -4.050004662
461 25.75061057 -5.13e-05 -4.050004662
462 30.08973647 -5.13e-05 -2.025002331
463 26.24684131 1.78746653 -2.025002331
464 28.22190135 1.29472734 -4.050004662
465 31.88196613 12.47483285 -4.050004662
466 27.54284023 12.47483285 -2.025002331
467 29.41067535 11.18005425 -4.050004662
468 31.38573538 10.68731506 -2.025002331
469 35.81429498 -11.18015678 -4.050004662
470 37.78935501 -10.68741759 -2.025002331
471 32.65046095 -1.787569053 -2.025002331
472 34.62552098 -1.294829864 -4.050004662
473 32.1542302 -5.13e-05 -4.050004662
474 36.4933561 -5.13e-05 -2.025002331
475 32.65046095 1.78746653 -2.025002331
476 34.62552098 1.29472734 -4.050004662
477 33.94645986 12.47483285 -2.025002331
478 35.81429498 11.18005425 -4.050004662
479 37.78935501 10.68731506 -2.025002331
480 25.4783465 12.47483285 -4.050004662
481 31.38573538 -10.68741759 2.025002331
482 29.41067535 -11.18015678 -8.88e-16
483 26.24684132 -1.787569053 2.025002331
484 28.22190135 -1.294829864 2.0e-15
485 25.75061057 -5.13e-05 1.76e-15
486 30.08973647 -5.13e-05 2.025002331
487 26.24684131 1.78746653 2.025002331
488 28.22190135 1.29472734 2.9e-16
489 31.88196613 12.47483285 3.37e-16
490 27.54284023 12.47483285 2.025002331
491 29.41067535 11.18005425 3.48e-15
492 31.38573538 10.68731506 2.025002331
493 35.81429498 -11.18015678 -1.78e-15
494 37.78935501 -10.68741759 2.025002331
495 32.65046095 -1.787569053 2.025002331
496 34.62552098 -1.294829864 2.01e-15
497 32.1542302 -5.13e-05 2.12e-16
498 36.4933561 -5.13e-05 2.025002331
499 32.65046095 1.78746653 2.025002331
500 34.62552098 1.29472734 -2.66e-15
501 33.94645986 12.47483285 2.025002331
502 35.81429498 11.18005425 7.42e-17
503 37.78935501 10.68731506 2.025002331
504 25.4783465 12.47483285 8.4e-16
505 31.38573538 -10.68741759 6.075006993
506 29.41067535 -11.18015678 4.050004662
507 26.24684132 -1.787569053 6.075006993
508 28.22190135 -1.294829864 4.050004662
509 25.75061057 -5.13e-05 4.050004662
510 30.08973647 -5.13e-05 6.075006993
511 26.24684131 1.78746653 6.075006993
512 28.22190135 1.29472734 4.050004662
513 31.88196613 12.47483285 4.050004662
514 27.54284023 12.47483285 6.075006993
515 29.41067535 11.18005425 4.050004662
516 31.38573538 10.68731506 6.075006993
517 35.81429498 -11.18015678 4.050004662
518 37.78935501 -10.68741759 6.075006993
519 32.65046095 -1.787569053 6.075006993
520 34.62552098 -1.294829864 4.050004662
521 32.1542302 -5.13e-05 4.050004662
522 36.4933561 -5.13e-05 6.075006993
523 32.65046095 1.78746653 6.075006993
524 34.62552098 1.29472734 4.050004662
525 33.94645986 12.47483285 6.075006993
526 35.81429498 11.18005425 4.050004662
527 37.78935501 10.68731506 6.075006993
528 25.4783465 12.47483285 4.050004662
529 31.38573538 -10.68741759 10.12501165
530 29.41067535 -11.18015678 8.100009324
531 26.24684132 -1.787569053 10.12501165
532 28.22190135 -1.294829864 8.100009324
533 25.75061057 -5.13e-05 8.100009324
534 30.08973647 -5.13e-05 10.12501165
535 26.24684131 1.78746653 10.12501165
536 28.22190135 1.29472734 8.100009324
537 31.88196613 12.47483285 8.100009324
538 27.54284023 12.47483285 10.12501165
539 29.41067535 11.18005425 8.100009324
540 31.38573538 10.68731506 10.12501165
541 35.81429498 -11.18015678 8.100009324
542 37.78935501 -10.68741759 10.12501165
543 32.65046095 -1.787569053 10.12501165
544 34.62552098 -1.294829864 8.100009324
545 32.1542302 -5.13e-05 8.100009324
546 36.4933561 -5.13e-05 10.12501165
547 32.65046095 1.78746653 10.12501165
548 34.62552098 1.29472734 8.100009324
549 33.94645986 12.47483285 10.12501165
550 35.81429498 11.18005425 8.100009324
551 37.78935501 10.68731506 10.12501165
552 25.4783465 12.47483285 8.100009324
553 31.38573538 -10.68741759 14.17501632
554 29.41067535 -11.18015678 12.15001399
555 26.24684132 -1.787569053 14.17501632
556 28.22190135 -1.294829864 12.15001399
557 25.75061057 -5.13e-05 12.15001399
558 30.08973647 -5.13e-05 14.17501632
559 26.24684131 1.78746653 14.17501632
560 28.22190135 1.29472734 12.15001399
561 31.88196613 12.47483285 12.15001399
562 27.54284023 12.47483285 14.17501632
563 29.41067535 11.18005425 12.15001399
564 31.38573538 10.68731506 14.17501632
565 35.81429498 -11.18015678 12.15001399
566 37.78935501 -10.68741759 14.17501632
567 32.65046095 -1.787569053 14.17501632
568 34.62552098 -1.294829864 12.15001399
569 32.1542302 -5.13e-05 12.15001399
570 36.4933561 -5.13e-05 14.17501632
571 32.65046095 1.78746653 14.17501632
572 34.62552098 1.29472734 12.15001399
573 33.94645986 12.47483285 14.17501632
574 35.81429498 11.18005425 12.15001399
575 37.78935501 10.68731506 14.17501632
576 25.4783465 12.47483285 12.15001399
577 -11.53283324 -10.1320803 16.20001865
578 -9.637218291 -9.462075563 -6.075006993
579 -8.33075698 -6.874935376 -6.075006993
580 -7.669769269 -8.732019578 16.20001865
581 -12.15543163 -8.177601687 -6.075006993
582 -10.24982451 -7.524075547 16.20001865
583 -6.403619633 -6.237493319 16.20001865
584 -11.54108963 -3.742967061 -8.100009324
585 -10.88010192 -5.600051262 -6.075006993
586 -8.961034391 -4.950911091 -8.100009324
587 -7.055427266 -4.297384952 -6.075006993
588 -7.678025654 -2.342906334 -8.100009324
589 -9.573640607 -3.012911076 -6.075006993
590 -7.678025654 2.342803811 16.20001865
591 -9.573640608 3.012808552 -6.075006993
592 -7.055427266 4.297282428 -6.075006993
593 -11.54108963 3.742864537 -8.100009324
594 -10.88010192 5.599948739 -6.075006993
595 -8.961034391 4.950808568 -8.100009324
596 -6.403619633 6.237390796 16.20001865
597 -12.15543163 8.177499164 -6.075006993
598 -10.24982451 7.523973025 -8.100009324
599 -8.33075698 6.874832853 -6.075006993
600 -7.669769269 8.731917055 -8.100009324
601 -11.53283324 10.13197778 -8.100009324
602 -9.637218291 9.46197304 -6.075006993
603 -5.129213612 -10.1320803 16.20001865
604 -3.233598658 -9.462075563 -6.075006993
605 -1.927137347 -6.874935376 -6.075006993
606 -5.751812 -8.177601687 -6.075006993
607 -3.846204875 -7.524075547 16.20001865
608 -1.266149637 -8.732019578 16.20001865
609 38.4217178 -6.237493319 16.20001865
610 -4.476482286 -5.600051262 -6.075006993
611 -5.137469996 -3.742967061 -8.100009324
612 -2.557414758 -4.950911091 -8.100009324
613 -0.651807633 -4.297384952 -6.075006993
614 -3.170020974 -3.012911076 -6.075006993
615 -1.274406021 -2.342906334 -8.100009324
616 -1.274406022 2.342803811 16.20001865
617 -3.170020975 3.012808552 -6.075006993
618 -5.137469997 3.742864537 16.20001865
619 -4.476482286 5.599948739 -6.075006993
620 -2.557414758 4.950808568 16.20001865
621 -0.651807633 4.297282428 -6.075006993
622 38.4217178 6.237390796 -8.100009324
623 -5.751812 8.177499164 -6.075006993
624 -3.846204875 7.523973025 16.20001865
625 -1.927137347 6.874832853 -6.075006993
626 -1.266149636 8.731917055 -8.100009324
627 -5.129213611 10.13197778 -8.100009324
628 -3.233598658 9.46197304 -6.075006993
629 -11.53283324 -10.1320803 -4.050004662
630 -9.637218291 -9.462075563 -2.025002331
631 -8.33075698 -6.874935376 -2.025002331
632 -7.669769269 -8.732019578 -4.050004662
633 -12.15543163 -8.177601687 -2.025002331
634 -10.24982451 -7.524075547 -4.050004662
635 -6.403619633 -6.237493319 -4.050004662
636 -11.54108963 -3.742967061 -4.050004662
637 -10.88010192 -5.600051262 -2.025002331
638 -8.961034391 -4.950911091 -4.050004662
639 -7.055427266 -4.297384952 -2.025002331
640 -7.678025654 -2.342906334 -4.050004662
641 -9.573640607 -3.012911076 -2.025002331
642 -7.678025654 2.342803811 -4.050004662
643 -9.573640608 3.012808552 -2.025002331
644 -7.055427266 4.297282428 -2.025002331
645 -11.54108963 3.742864537 -4.050004662
646 -10.88010192 5.599948739 -2.025002331
647 -8.961034391 4.950808568 -4.050004662
648 -6.403619633 6.237390796 -4.050004662
649 -12.15543163 8.177499164 -2.025002331
650 -10.24982451 7.523973025 -4.050004662
651 -8.33075698 6.874832853 -2.025002331
652 -7.669769269 8.731917055 -4.050004662
653 -11.53283324 10.13197778 -4.050004662
654 -9.637218291 9.46197304 -2.025002331
655 -5.129213612 -10.1320803 -4.050004662
656 -3.233598658 -9.462075563 -2.025002331
657 -1.927137347 -6.874935376 -2.025002331
658 -5.751812 -8.177601687 -2.025002331
659 -3.846204875 -7.524075547 -4.050004662
660 -1.266149637 -8.732019578 -4.050004662
661 38.4217178 -6.237493319 -4.050004662
662 -4.476482286 -5.600051262 -2.025002331
663 -5.137469996 -3.742967061 -4.050004662
664 -2.557414758 -4.950911091 -4.050004662
665 -0.651807633 -4.297384952 -2.025002331
666 -3.170020974 -3.012911076 -2.025002331
667 -1.274406021 -2.342906334 -4.050004662
668 -1.274406022 2.342803811 -4.050004662
669 -3.170020975 3.012808552 -2.025002331
670 -5.137469997 3.742864537 -4.050004662
671 -4.476482286 5.599948739 -2.025002331
672 -2.557414758 4.950808568 -4.050004662
673 -0.651807633 4.297282428 -2.025002331
674 38.4217178 6.237390796 -4.050004662
675 -5.751812 8.177499164 -2.025002331
676 -3.846204875 7.523973025 -4.050004662
677 -1.927137347 6.874832853 -2.025002331
678 -1.266149636 8.731917055 -4.050004662
679 -5.129213611 10.13197778 -4.050004662
680 -3.233598658 9.46197304 -2.025002331
681 -11.53283324 -10.1320803 -8.88e-16
682 -9.637218291 -9.462075563 2.025002331
683 -8.33075698 -6.874935376 2.025002331
684 -7.669769269 -8.732019578 -1.78e-15
685 -12.15543163 -8.177601687 2.025002331
686 -10.24982451 -7.524075547 -1.78e-15
687 -6.403619633 -6.237493319 -8.88e-16
688 -11.54108963 -3.742967061 0.0
689 -10.88010192 -5.600051262 2.025002331
690 -8.961034391 -4.950911091 0.0
691 -7.055427266 -4.297384952 2.025002331
692 -7.678025654 -2.342906334 1.05e-15
693 -9.573640607 -3.012911076 2.025002331
694 -7.678025654 2.342803811 -8.88e-16
695 -9.573640608 3.012808552 2.025002331
696 -7.055427266 4.297282428 2.025002331
697 -11.54108963 3.742864537 0.0
698 -10.88010192 5.599948739 2.025002331
699 -8.961034391 4.950808568 0.0
700 -6.403619633 6.237390796 -1.78e-15
701 -12.15543163 8.177499164 2.025002331
702 -10.24982451 7.523973025 1.59e-15
703 -8.33075698 6.874832853 2.025002331
704 -7.669769269 8.731917055 9.48e-16
705 -11.53283324 10.13197778 2.51e-15
706 -9.637218291 9.46197304 2.025002331
707 -5.129213612 -10.1320803 -1.78e-15
708 -3.233598658 -9.462075563 2.025002331
709 -1.927137347 -6.874935376 2.025002331
710 -5.751812 -8.177601687 2.025002331
711 -3.846204875 -7.524075547 -1.78e-15
712 -1.266149637 -8.732019578 -8.88e-16
713 38.4217178 -6.237493319 -8.88e-16
714 -4.476482286 -5.600051262 2.025002331
715 -5.137469996 -3.742967061 1.05e-15
716 -2.557414758 -4.950911091 3.4e-16
717 -0.651807633 -4.297384952 2.025002331
718 -3.170020974 -3.012911076 2.025002331
719 -1.274406021 -2.342906334 1.92e-15
720 -1.274406022 2.342803811 -1.78e-15
721 -3.170020975 3.012808552 2.025002331
722 -5.137469997 3.742864537 -2.66e-15
723 -4.476482286 5.599948739 2.025002331
724 -2.557414758 4.950808568 -3.55e-15
725 -0.651807633 4.297282428 2.025002331
726 38.4217178 6.237390796 0.0
727 -5.751812 8.177499164 2.025002331
728 -3.846204875 7.523973025 -1.78e-15
729 -1.927137347 6.874832853 2.025002331
730 -1.266149636 8.731917055 0.0
731 -5.129213611 10.13197778 3.8e-16
732 -3.233598658 9.46197304 2.025002331
733 -11.53283324 -10.1320803 4.050004662
734 -9.637218291 -9.462075563 6.075006993
735 -8.33075698 -6.874935376 6.075006993
736 -7.669769269 -8.732019578 4.050004662
737 -12.15543163 -8.177601687 6.075006993
738 -10.24982451 -7.524075547 4.050004662
739 -6.403619633 -6.237493319 4.050004662
740 -11.54108963 -3.742967061 4.050004662
741 -10.88010192 -5.600051262 6.075006993
742 -8.961034391 -4.950911091 4.050004662
743 -7.055427266 -4.297384952 6.075006993
744 -7.678025654 -2.342906334 4.050004662
745 -9.573640607 -3.012911076 6.075006993
746 -7.678025654 2.342803811 4.050004662
747 -9.573640608 3.012808552 6.075006993
748 -7.055427266 4.297282428 6.075006993
749 -11.54108963 3.742864537 4.050004662
750 -10.88010192 5.599948739 6.075006993
751 -8.961034391 4.950808568 4.050004662
752 -6.403619633 6.237390796 4.050004662
753 -12.15543163 8.177499164 6.075006993
754 -10.24982451 7.523973025 4.050004662
755 -8.33075698 6.874832853 6.075006993
756 -7.669769269 8.731917055 4.050004662
757 -11.53283324 10.13197778 4.050004662
758 -9.637218291 9.46197304 6.075006993
759 -5.129213612 -10.1320803 4.050004662
760 -3.233598658 -9.462075563 6.075006993
761 -1.927137347 -6.874935376 6.075006993
762 -5.751812 -8.177601687 6.075006993
763 -3.846204875 -7.524075547 4.050004662
764 -1.266149637 -8.732019578 4.050004662
765 38.4217178 -6.237493319 4.050004662
766 -4.476482286 -5.600051262 6.075006993
767 -5.137469996 -3.742967061 4.050004662
768 -2.557414758 -4.950911091 4.050004662
769 -0.651807633 -4.297384952 6.075006993
770 -3.170020974 -3.012911076 6.075006993
771 -1.274406021 -2.342906334 4.050004662
772 -1.274406022 2.342803811 4.050004662
773 -3.170020975 3.012808552 6.075006993
774 -5.137469997 3.742864537 4.050004662
775 -4.476482286 5.599948739 6.075006993
776 -2.557414758 4.950808568 4.050004662
777 -0.651807633 4.297282428 6.075006993
778 38.4217178 6.237390796 4.050004662
779 -5.751812 8.177499164 6.075006993
780 -3.846204875 7.523973025 4.050004662
781 -1.927137347 6.874832853 6.075006993
782 -1.266149636 8.731917055 4.050004662
783 -5.129213611 10.13197778 4.050004662
784 -3.233598658 9.46197304 6.075006993
785 -11.53283324 -10.1320803 8.100009324
786 -9.637218291 -9.462075563 10.12501165
787 -8.33075698 -6.874935376 10.12501165
788 -7.669769269 -8.732019578 8.100009324
789 -12.15543163 -8.177601687 10.12501165
790 -10.24982451 -7.524075547 8.100009324
791 -6.403619633 -6.237493319 8.100009324
792 -11.54108963 -3.742967061 8.100009324
793 -10.88010192 -5.600051262 10.12501165
794 -8.961034391 -4.950911091 8.100009324
795 -7.055427266 -4.297384952 10.12501165
796 -7.678025654 -2.342906334 8.100009324
797 -9.573640607 -3.012911076 10.12501165
798 -7.678025654 2.342803811 8.100009324
799 -9.573640608 3.012808552 10.12501165
800 -7.055427266 4.297282428 10.12501165
801 -11.54108963 3.742864537 8.100009324
802 -10.88010192 5.599948739 10.12501165
803 -8.961034391 4.950808568 8.100009324
804 -6.403619633 6.237390796 8.100009324
805 -12.15543163 8.177499164 10.12501165
806 -10.24982451 7.523973025 8.100009324
807 -8.33075698 6.874832853 10.12501165
808 -7.669769269 8.731917055 8.100009324
809 -11.53283324 10.13197778 8.100009324
810 -9.637218291 9.46197304 10.12501165
811 -5.129213612 -10.1320803 8.100009324
812 -3.233598658 -9.462075563 10.12501165
813 -1.927137347 -6.874935376 10.12501165
814 -5.751812 -8.177601687 10.12501165
815 -3.846204875 -7.524075547 8.100009324
816 -1.266149637 -8.732019578 8.100009324
817 38.4217178 -6.237493319 8.100009324
818 -4.476482286 -5.600051262 10.12501165
819 -5.137469996 -3.742967061 8.100009324
820 -2.557414758 -4.950911091 8.100009324
821 -0.651807633 -4.297384952 10.12501165
822 -3.170020974 -3.012911076 10.12501165
823 -1.274406021 -2.342906334 8.100009324
824 -1.274406022 2.342803811 8.100009324
825 -3.170020975 3.012808552 10.12501165
826 -5.137469997 3.742864537 8.100009324
827 -4.476482286 5.599948739 10.12501165
828 -2.557414758 4.950808568 8.100009324
829 -0.651807633 4.297282428 10.12501165
830 38.4217178 6.237390796 8.100009324
831 -5.751812 8.177499164 10.12501165
832 -3.846204875 7.523973025 8.100009324
833 -1.927137347 6.874832853 10.12501165
834 -1.266149636 8.731917055 8.100009324
835 -5.129213611 10.13197778 8.100009324
836 -3.233598658 9.46197304 10.12501165
837 -11.53283324 -10.1320803 12.15001399
838 -9.637218291 -9.462075563 14.17501632
839 -8.33075698 -6.874935376 14.17501632
840 -7.669769269 -8.732019578 12.15001399
841 -12.15543163 -8.177601687 14.17501632
842 -10.24982451 -7.524075547 12.15001399
843 -6.403619633 -6.237493319 12.15001399
844 -11.54108963 -3.742967061 12.15001399
845 -10.88010192 -5.600051262 14.17501632
846 -8.961034391 -4.950911091 12.15001399
847 -7.055427266 -4.297384952 14.17501632
848 -7.678025654 -2.342906334 12.15001399
849 -9.573640607 -3.012911076 14.17501632
850 -7.678025654 2.342803811 12.15001399
851 -9.573640608 3.012808552 14.17501632
852 -7.055427266 4.297282428 14.17501632
853 -11.54108963 3.742864537 12.15001399
854 -10.88010192 5.599948739 14.17501632
855 -8.961034391 4.950808568 12.15001399
856 -6.403619633 6.237390796 12.15001399
857 -12.15543163 8.177499164 14.17501632
858 -10.24982451 7.523973025 12.15001399
859 -8.33075698 6.874832853 14.17501632
860 -7.669769269 8.731917055 12.15001399
861 -11.53283324 10.13197778 12.15001399
862 -9.637218291 9.46197304 14.17501632
863 -5.129213612 -10.1320803 12.15001399
864 -3.233598658 -9.462075563 14.17501632
865 -1.927137347 -6.874935376 14.17501632
866 -5.751812 -8.177601687 14.17501632
867 -3.846204875 -7.524075547 12.15001399
868 -1.266149637 -8.732019578 12.15001399
869 38.4217178 -6.237493319 12.15001399
870 -4.476482286 -5.600051262 14.17501632
871 -5.137469996 -3.742967061 12.15001399
872 -2.557414758 -4.950911091 12.15001399
873 -0.651807633 -4.297384952 14.17501632
874 -3.170020974 -3.012911076 14.17501632
875 -1.274406021 -2.342906334 12.15001399
876 -1.274406022 2.342803811 12.15001399
877 -3.170020975 3.012808552 14.17501632
878 -5.137469997 3.742864537 12.15001399
879 -4.476482286 5.599948739 14.17501632
880 -2.557414758 4.950808568 12.15001399
881 -0.651807633 4.297282428 14.17501632
882 38.4217178 6.237390796 12.15001399
883 -5.751812 8.177499164 14.17501632
884 -3.846204875 7.523973025 12.15001399
885 -1.927137347 6.874832853 14.17501632
886 -1.266149636 8.731917055 12.15001399
887 -5.129213611 10.13197778 12.15001399
888 -3.233598658 9.46197304 14.17501632
889 1.274406021 -10.1320803 16.20001865
890 3.170020974 -9.462075563 -6.075006993
891 4.476482286 -6.874935376 -6.075006993
892 5.137469996 -8.732019578 16.20001865
893 0.651807633 -8.177601687 -6.075006993
894 2.557414758 -7.524075547 16.20001865
895 6.403619633 -6.237493319 16.20001865
896 1.266149637 -3.742967061 -8.100009324
897 1.927137347 -5.600051262 -6.075006993
898 3.846204875 -4.950911091 -8.100009324
899 5.751812 -4.297384952 -6.075006993
900 5.129213612 -2.342906334 -8.100009324
901 3.233598659 -3.012911076 -6.075006993
902 5.129213611 2.342803811 16.20001865
903 3.233598658 3.012808552 -6.075006993
904 5.751811999 4.297282428 -6.075006993
905 1.266149636 3.742864537 -8.100009324
906 1.927137347 5.599948739 -6.075006993
907 3.846204874 4.950808568 -8.100009324
908 6.403619633 6.237390796 16.20001865
909 0.651807633 8.177499164 -6.075006993
910 2.557414758 7.523973025 -8.100009324
911 4.476482286 6.874832853 -6.075006993
912 5.137469997 8.731917055 -8.100009324
913 1.274406022 10.13197778 -8.100009324
914 3.170020975 9.46197304 -6.075006993
915 7.678025654 -10.1320803 16.20001865
916 9.573640607 -9.462075563 -6.075006993
917 10.88010192 -6.874935376 -6.075006993
918 7.055427266 -8.177601687 -6.075006993
919 8.961034391 -7.524075547 16.20001865
920 11.54108963 -8.732019578 16.20001865
921 -4.33e-11 -6.237493319 16.20001865
922 8.33075698 -5.600051262 -6.075006993
923 7.669769269 -3.742967061 -8.100009324
924 10.24982451 -4.950911091 -8.100009324
925 12.15543163 -4.297384952 -6.075006993
926 9.637218291 -3.012911076 -6.075006993
927 11.53283324 -2.342906334 -8.100009324
928 11.53283324 2.342803811 16.20001865
929 9.637218291 3.012808552 -6.075006993
930 7.669769269 3.742864537 16.20001865
931 8.330756979 5.599948739 -6.075006993
932 10.24982451 4.950808568 16.20001865
933 12.15543163 4.297282428 -6.075006993
934 -1.83e-10 6.237390796 -8.100009324
935 7.055427266 8.177499164 -6.075006993
936 8.961034391 7.523973025 16.20001865
937 10.88010192 6.874832853 -6.075006993
938 11.54108963 8.731917055 -8.100009324
939 7.678025654 10.13197778 -8.100009324
940 9.573640608 9.46197304 -6.075006993
941 1.274406021 -10.1320803 -4.050004662
942 3.170020974 -9.462075563 -2.025002331
943 4.476482286 -6.874935376 -2.025002331
944 5.137469996 -8.732019578 -4.050004662
945 0.651807633 -8.177601687 -2.025002331
946 2.557414758 -7.524075547 -4.050004662
947 6.403619633 -6.237493319 -4.050004662
948 1.266149637 -3.742967061 -4.050004662
949 1.927137347 -5.600051262 -2.025002331
950 3.846204875 -4.950911091 -4.050004662
951 5.751812 -4.297384952 -2.025002331
952 5.129213612 -2.342906334 -4.050004662
953 3.233598659 -3.012911076 -2.025002331
954 5.129213611 2.342803811 -4.050004662
955 3.233598658 3.012808552 -2.025002331
956 5.751811999 4.297282428 -2.025002331
957 1.266149636 3.742864537 -4.050004662
958 1.927137347 5.599948739 -2.025002331
959 3.846204874 4.950808568 -4.050004662
960 6.403619633 6.237390796 -4.050004662
961 0.651807633 8.177499164 -2.025002331
962 2.557414758 7.523973025 -4.050004662
963 4.476482286 6.874832853 -2.025002331
964 5.137469997 8.731917055 -4.050004662
965 1.274406022 10.13197778 -4.050004662
966 3.170020975 9.46197304 -2.025002331
967 7.678025654 -10.1320803 -4.050004662
968 9.573640607 -9.462075563 -2.025002331
969 10.88010192 -6.874935376 -2.025002331
970 7.055427266 -8.177601687 -2.025002331
971 8.961034391 -7.524075547 -4.050004662
972 11.54108963 -8.732019578 -4.050004662
973 -4.33e-11 -6.237493319 -4.050004662
974 8.33075698 -5.600051262 -2.025002331
975 7.669769269 -3.742967061 -4.050004662
976 10.24982451 -4.950911091 -4.050004662
977 12.15543163 -4.297384952 -2.025002331
978 9.637218291 -3.012911076 -2.025002331
979 11.53283324 -2.342906334 -4.050004662
980 11.53283324 2.342803811 -4.050004662
981 9.637218291 3.012808552 -2.025002331
982 7.669769269 3.742864537 -4.050004662
983 8.330756979 5.599948739 -2.025002331
984 10.24982451 4.950808568 -4.050004662
985 12.15543163 4.297282428 -2.025002331
986 -1.83e-10 6.237390796 -4.050004662
987 7.055427266 8.177499164 -2.025002331
988 8.961034391 7.523973025 -4.050004662
989 10.88010192 6.874832853 -2.025002331
990 11.54108963 8.731917055 -4.050004662
991 7.678025654 10.13197778 -4.050004662
992 9.573640608 9.46197304 -2.025002331
993 1.274406021 -10.1320803 -8.88e-16
994 3.170020974 -9.462075563 2.025002331
995 4.476482286 -6.874935376 2.025002331
996 5.137469996 -8.732019578 -1.78e-15
997 0.651807633 -8.177601687 2.025002331
998 2.557414758 -7.524075547 -1.78e-15
999 6.403619633 -6.237493319 -8.88e-16
1000 1.266149637 -3.742967061 0.0
1001 1.927137347 -5.600051262 2.025002331
1002 3.846204875 -4.950911091 0.0
1003 5.751812 -4.297384952 2.025002331
1004 5.129213612 -2.342906334 1.05e-15
1005 3.233598659 -3.012911076 2.025002331
1006 5.129213611 2.342803811 -8.88e-16
1007 3.233598658 3.012808552 2.025002331
1008 5.751811999 4.297282428 2.025002331
1009 1.266149636 3.742864537 0.0
1010 1.927137347 5.599948739 2.025002331
1011 3.846204874 4.950808568 0.0
1012 6.403619633 6.237390796 -1.78e-15
1013 0.651807633 8.177499164 2.025002331
1014 2.557414758 7.523973025 1.59e-15
1015 4.476482286 6.874832853 2.025002331
1016 5.137469997 8.731917055 9.48e-16
1017 1.274406022 10.13197778 2.51e-15
1018 3.170020975 9.46197304 2.025002331
1019 7.678025654 -10.1320803 -1.78e-15
1020 9.573640607 -9.462075563 2.025002331
1021 10.88010192 -6.874935376 2.025002331
1022 7.055427266 -8.177601687 2.025002331
1023 8.961034391 -7.524075547 -1.78e-15
1024 11.54108963 -8.732019578 -8.88e-16
1025 -4.33e-11 -6.237493319 -8.88e-16
1026 8.33075698 -5.600051262 2.025002331
1027 7.669769269 -3.742967061 1.05e-15
1028 10.24982451 -4.950911091 3.4e-16
1029 12.15543163 -4.297384952 2.025002331
1030 9.637218291 -3.012911076 2.025002331
1031 11.53283324 -2.342906334 1.92e-15
1032 11.53283324 2.342803811 -1.78e-15
1033 9.637218291 3.012808552 2.025002331
1034 7.669769269 3.742864537 -2.66e-15
1035 8.330756979 5.599948739 2.025002331
1036 10.24982451 4.950808568 -3.55e-15
1037 12.15543163 4.297282428 2.025002331
1038 -1.83e-10 6.237390796 0.0
1039 7.055427266 8.177499164 2.025002331
1040 8.961034391 7.523973025 -1.78e-15
1041 10.88010192 6.874832853 2.025002331
1042 11.54108963 8.731917055 0.0
1043 7.678025654 10.13197778 3.8e-16
1044 9.573640608 9.46197304 2.025002331
1045 1.274406021 -10.1320803 4.050004662
1046 3.170020974 -9.462075563 6.075006993
1047 4.476482286 -6.874935376 6.075006993
1048 5.137469996 -8.732019578 4.050004662
1049 0.651807633 -8.177601687 6.075006993
1050 2.557414758 -7.524075547 4.050004662
1051 6.403619633 -6.237493319 4.050004662
1052 1.266149637 -3.742967061 4.050004662
1053 1.927137347 -5.600051262 6.075006993
1054 3.846204875 -4.950911091 4.050004662
1055 5.751812 -4.297384952 6.075006993
1056 5.129213612 -2.342906334 4.050004662
1057 3.233598659 -3.012911076 6.075006993
1058 5.129213611 2.342803811 4.050004662
1059 3.233598658 3.012808552 6.075006993
1060 5.751811999 4.297282428 6.075006993
1061 1.266149636 3.742864537 4.050004662
1062 1.927137347 5.599948739 6.075006993
1063 3.846204874 4.950808568 4.050004662
1064 6.403619633 6.237390796 4.050004662
1065 0.651807633 8.177499164 6.075006993
1066 2.557414758 7.523973025 4.050004662
1067 4.476482286 6.874832853 6.075006993
1068 5.137469997 8.731917055 4.050004662
1069 1.274406022 10.13197778 4.050004662
1070 3.170020975 9.46197304 6.075006993
1071 7.678025654 -10.1320803 4.050004662
1072 9.573640607 -9.462075563 6.075006993
1073 10.88010192 -6.874935376 6.075006993
1074 7.055427266 -8.177601687 6.075006993
1075 8.961034391 -7.524075547 4.050004662
1076 11.54108963 -8.732019578 4.050004662
1077 -4.33e-11 -6.237493319 4.050004662
1078 8.33075698 -5.600051262 6.075006993
1079 7.669769269 -3.742967061 4.050004662
1080 10.24982451 -4.950911091 4.050004662
1081 12.15543163 -4.297384952 6.075006993
1082 9.637218291 -3.012911076 6.075006993
1083 11.53283324 -2.342906334 4.050004662
1084 11.53283324 2.342803811 4.050004662
1085 9.637218291 3.012808552 6.075006993
1086 7.669769269 3.742864537 4.050004662
1087 8.330756979 5.599948739 6.075006993
1088 10.24982451 4.950808568 4.050004662
1089 12.15543163 4.297282428 6.075006993
1090 -1.83e-10 6.237390796 4.050004662
1091 7.055427266 8.177499164 6.075006993
1092 8.961034391 7.523973025 4.050004662
1093 10.88010192 6.874832853 6.075006993
1094 11.54108963 8.731917055 4.050004662
1095 7.678025654 10.13197778 4.050004662
1096 9.573640608 9.46197304 6.075006993
1097 1.274406021 -10.1320803 8.100009324
1098 3.170020974 -9.462075563 10.12501165
1099 4.476482286 -6.874935376 10.12501165
1100 5.137469996 -8.732019578 8.100009324
1101 0.651807633 -8.177601687 10.12501165
1102 2.557414758 -7.524075547 8.100009324
1103 6.403619633 -6.237493319 8.100009324
1104 1.266149637 -3.742967061 8.100009324
1105 1.927137347 -5.600051262 10.12501165
1106 3.846204875 -4.950911091 8.100009324
1107 5.751812 -4.297384952 10.12501165
1108 5.129213612 -2.342906334 8.100009324
1109 3.233598659 -3.012911076 10.12501165
1110 5.129213611 2.342803811 8.100009324
1111 3.233598658 3.012808552 10.12501165
1112 5.751811999 4.297282428 10.12501165
1113 1.266149636 3.742864537 8.100009324
1114 1.927137347 5.599948739 10.12501165
1115 3.846204874 4.950808568 8.100009324
1116 6.403619633 6.237390796 8.100009324
1117 0.651807633 8.177499164 10.12501165
1118 2.557414758 7.523973025 8.100009324
1119 4.476482286 6.874832853 10.12501165
1120 5.137469997 8.731917055 8.100009324
1121 1.274406022 10.13197778 8.100009324
1122 3.170020975 9.46197304 10.12501165
1123 7.678025654 -10.1320803 8.100009324
1124 9.573640607 -9.462075563 10.12501165
1125 10.88010192 -6.874935376 10.12501165
1126 7.055427266 -8.177601687 10.12501165
1127 8.961034391 -7.524075547 8.100009324
1128 11.54108963 -8.732019578 8.100009324
1129 -4.33e-11 -6.237493319 8.100009324
1130 8.33075698 -5.600051262 10.12501165
1131 7.669769269 -3.742967061 8.100009324
1132 10.24982451 -4.950911091 8.100009324
1133 12.15543163 -4.297384952 10.12501165
1134 9.637218291 -3.012911076 10.12501165
1135 11.53283324 -2.342906334 8.100009324
1136 11.53283324 2.342803811 8.100009324
1137 9.637218291 3.012808552 10.12501165
1138 7.669769269 3.742864537 8.100009324
1139 8.330756979 5.599948739 10.12501165
1140 10.24982451 4.950808568 8.100009324
1141 12.15543163 4.297282428 10.12501165
1142 -1.83e-10 6.237390796 8.100009324
1143 7.055427266 8.177499164 10.12501165
1144 8.961034391 7.523973025 8.100009324
1145 10.88010192 6.874832853 10.12501165
1146 11.54108963 8.731917055 8.100009324
1147 7.678025654 10.13197778 8.100009324
1148 9.573640608 9.46197304 10.12501165
1149 1.274406021 -10.1320803 12.15001399
1150 3.170020974 -9.462075563 14.17501632
1151 4.476482286 -6.874935376 14.17501632
1152 5.137469996 -8.732019578 12.15001399
1153 0.651807633 -8.177601687 14.17501632
1154 2.557414758 -7.524075547 12.15001399
1155 6.403619633 -6.237493319 12.15001399
1156 1.266149637 -3.742967061 12.15001399
1157 1.927137347 -5.600051262 14.17501632
1158 3.846204875 -4.950911091 12.15001399
1159 5.751812 -4.297384952 14.17501632
1160 5.129213612 -2.342906334 12.15001399
1161 3.233598659 -3.012911076 14.17501632
1162 5.129213611 2.342803811 12.15001399
1163 3.233598658 3.012808552 14.17501632
1164 5.751811999 4.297282428 14.17501632
1165 1.266149636 3.742864537 12.15001399
1166 1.927137347 5.599948739 14.17501632
1167 3.846204874 4.950808568 12.15001399
1168 6.403619633 6.237390796 12.15001399
1169 0.651807633 8.177499164 14.17501632
1170 2.557414758 7.523973025 12.15001399
1171 4.476482286 6.874832853 14.17501632
1172 5.137469997 8.731917055 12.15001399
1173 1.274406022 10.13197778 12.15001399
1174 3.170020975 9.46197304 14.17501632
1175 7.678025654 -10.1320803 12.15001399
1176 9.573640607 -9.462075563 14.17501632
1177 10.88010192 -6.874935376 14.17501632
1178 7.055427266 -8.177601687 14.17501632
1179 8.961034391 -7.524075547 12.15001399
1180 11.54108963 -8.732019578 12.15001399
1181 -4.33e-11 -6.237493319 12.15001399
1182 8.33075698 -5.600051262 14.17501632
1183 7.669769269 -3.742967061 12.15001399
1184 10.24982451 -4.950911091 12.15001399
1185 12.15543163 -4.297384952 14.17501632
1186 9.637218291 -3.012911076 14.17501632
1187 11.53283324 -2.342906334 12.15001399
1188 11.53283324 2.342803811 12.15001399
1189 9.637218291 3.012808552 14.17501632
1190 7.669769269 3.742864537 12.15001399
1191 8.330756979 5.599948739 14.17501632
1192 10.24982451 4.950808568 12.15001399
1193 12.15543163 4.297282428 14.17501632
1194 -1.83e-10 6.237390796 12.15001399
1195 7.055427266 8.177499164 14.17501632
1196 8.961034391 7.523973025 12.15001399
1197 10.88010192 6.874832853 14.17501632
1198 11.54108963 8.731917055 12.15001399
1199 7.678025654 10.13197778 12.15001399
1200 9.573640608 9.46197304 14.17501632
1201 14.08164529 -10.1320803 16.20001865
1202 15.97726024 -9.462075563 -6.075006993
1203 17.28372155 -6.874935376 -6.075006993
1204 17.94470926 -8.732019578 16.20001865
1205 13.4590469 -8.177601687 -6.075006993
1206 15.36465402 -7.524075547 16.20001865
1207 19.2108589 -6.237493319 16.20001865
1208 14.0733889 -3.742967061 -8.100009324
1209 14.73437661 -5.600051262 -6.075006993
1210 16.65344414 -4.950911091 -8.100009324
1211 18.55905127 -4.297384952 -6.075006993
1212 17.93645288 -2.342906334 -8.100009324
1213 16.04083792 -3.012911076 -6.075006993
1214 17.93645288 2.342803811 16.20001865
1215 16.04083792 3.012808552 -6.075006993
1216 18.55905126 4.297282428 -6.075006993
1217 14.0733889 3.742864537 -8.100009324
1218 14.73437661 5.599948739 -6.075006993
1219 16.65344414 4.950808568 -8.100009324
1220 19.2108589 6.237390796 16.20001865
1221 13.4590469 8.177499164 -6.075006993
1222 15.36465402 7.523973025 -8.100009324
1223 17.28372155 6.874832853 -6.075006993
1224 17.94470926 8.731917055 -8.100009324
1225 14.08164529 10.13197778 -8.100009324
1226 15.97726024 9.46197304 -6.075006993
1227 20.48526492 -10.1320803 16.20001865
1228 22.38087987 -9.462075563 -6.075006993
1229 23.68734118 -6.874935376 -6.075006993
1230 19.86266653 -8.177601687 -6.075006993
1231 21.76827366 -7.524075547 16.20001865
1232 24.34832889 -8.732019578 16.20001865
1233 12.80723927 -6.237493319 16.20001865
1234 21.13799625 -5.600051262 -6.075006993
1235 20.47700853 -3.742967061 -8.100009324
1236 23.05706377 -4.950911091 -8.100009324
1237 24.9626709 -4.297384952 -6.075006993
1238 22.44445756 -3.012911076 -6.075006993
1239 24.34007251 -2.342906334 -8.100009324
1240 24.34007251 2.342803811 16.20001865
1241 22.44445756 3.012808552 -6.075006993
1242 20.47700853 3.742864537 16.20001865
1243 21.13799624 5.599948739 -6.075006993
1244 23.05706377 4.950808568 16.20001865
1245 24.9626709 4.297282428 -6.075006993
1246 12.80723927 6.237390796 -8.100009324
1247 19.86266653 8.177499164 -6.075006993
1248 21.76827366 7.523973025 16.20001865
1249 23.68734118 6.874832853 -6.075006993
1250 24.3483289 8.731917055 -8.100009324
1251 20.48526492 10.13197778 -8.100009324
1252 22.38087987 9.46197304 -6.075006993
1253 14.08164529 -10.1320803 -4.050004662
1254 15.97726024 -9.462075563 -2.025002331
1255 17.28372155 -6.874935376 -2.025002331
1256 17.94470926 -8.732019578 -4.050004662
1257 13.4590469 -8.177601687 -2.025002331
1258 15.36465402 -7.524075547 -4.050004662
1259 19.2108589 -6.237493319 -4.050004662
1260 14.0733889 -3.742967061 -4.050004662
1261 14.73437661 -5.600051262 -2.025002331
1262 16.65344414 -4.950911091 -4.050004662
1263 18.55905127 -4.297384952 -2.025002331
1264 17.93645288 -2.342906334 -4.050004662
1265 16.04083792 -3.012911076 -2.025002331
1266 17.93645288 2.342803811 -4.050004662
1267 16.04083792 3.012808552 -2.025002331
1268 18.55905126 4.297282428 -2.025002331
1269 14.0733889 3.742864537 -4.050004662
1270 14.73437661 5.599948739 -2.025002331
1271 16.65344414 4.950808568 -4.050004662
1272 19.2108589 6.237390796 -4.050004662
1273 13.4590469 8.177499164 -2.025002331
1274 15.36465402 7.523973025 -4.050004662
1275 17.28372155 6.874832853 -2.025002331
1276 17.94470926 8.731917055 -4.050004662
1277 14.08164529 10.13197778 -4.050004662
1278 15.97726024 9.46197304 -2.025002331
1279 20.48526492 -10.1320803 -4.050004662
1280 22.38087987 -9.462075563 -2.025002331
1281 23.68734118 -6.874935376 -2.025002331
1282 19.86266653 -8.177601687 -2.025002331
1283 21.76827366 -7.524075547 -4.050004662
1284 24.34832889 -8.732019578 -4.050004662
1285 12.80723927 -6.237493319 -4.050004662
1286 21.13799625 -5.600051262 -2.025002331
1287 20.47700853 -3.742967061 -4.050004662
1288 23.05706377 -4.950911091 -4.050004662
1289 24.9626709 -4.297384952 -2.025002331
1290 22.44445756 -3.012911076 -2.025002331
1291 24.34007251 -2.342906334 -4.050004662
1292 24.34007251 2.342803811 -4.050004662
1293 22.44445756 3.012808552 -2.025002331
1294 20.47700853 3.742864537 -4.050004662
1295 21.13799624 5.599948739 -2.025002331
1296 23.05706377 4.950808568 -4.050004662
1297 24.9626709 4.297282428 -2.025002331
1298 12.80723927 6.237390796 -4.050004662
1299 19.86266653 8.177499164 -2.025002331
1300 21.76827366 7.523973025 -4.050004662
1301 23.68734118 6.874832853 -2.025002331
1302 24.3483289 8.731917055 -4.050004662
1303 20.48526492 10.13197778 -4.050004662
1304 22.38087987 9.46197304 -2.025002331
1305 14.08164529 -10.1320803 -8.88e-16
1306 15.97726024 -9.462075563 2.025002331
1307 17.28372155 -6.874935376 2.025002331
1308 17.94470926 -8.732019578 -1.78e-15
1309 13.4590469 -8.177601687 2.025002331
1310 15.36465402 -7.524075547 -1.78e-15
1311 19.2108589 -6.237493319 -8.88e-16
1312 14.0733889 -3.742967061 0.0
1313 14.73437661 -5.600051262 2.025002331
1314 16.65344414 -4.950911091 0.0
1315 18.55905127 -4.297384952 2.025002331
1316 17.93645288 -2.342906334 1.05e-15
1317 16.04083792 -3.012911076 2.025002331
1318 17.93645288 2.342803811 -8.88e-16
1319 16.04083792 3.012808552 2.025002331
1320 18.55905126 4.297282428 2.025002331
1321 14.0733889 3.742864537 0.0
1322 14.73437661 5.599948739 2.025002331
1323 16.65344414 4.950808568 0.0
1324 19.2108589 6.237390796 -1.78e-15
1325 13.4590469 8.177499164 2.025002331
1326 15.36465402 7.523973025 1.59e-15
1327 17.28372155 6.874832853 2.025002331
1328 17.94470926 8.731917055 9.48e-16
1329 14.08164529 10.13197778 2.51e-15
1330 15.97726024 9.46197304 2.025002331
1331 20.48526492 -10.1320803 -1.78e-15
1332 22.38087987 -9.462075563 2.025002331
1333 23.68734118 -6.874935376 2.025002331
1334 19.86266653 -8.177601687 2.025002331
1335 21.76827366 -7.524075547 -1.78e-15
1336 24.34832889 -8.732019578 -8.88e-16
1337 12.80723927 -6.237493319 -8.88e-16
1338 21.13799625 -5.600051262 2.025002331
1339 20.47700853 -3.742967061 1.05e-15
1340 23.05706377 -4.950911091 3.4e-16
1341 24.9626709 -4.297384952 2.025002331
1342 22.44445756 -3.012911076 2.025002331
1343 24.34007251 -2.342906334 1.92e-15
1344 24.34007251 2.342803811 -1.78e-15
1345 22.44445756 3.012808552 2.025002331
1346 20.47700853 3.742864537 -2.66e-15
1347 21.13799624 5.599948739 2.025002331
1348 23.05706377 4.950808568 -3.55e-15
1349 24.9626709 4.297282428 2.025002331
1350 12.80723927 6.237390796 0.0
1351 19.86266653 8.177499164 2.025002331
1352 21.76827366 7.523973025 -1.78e-15
1353 23.68734118 6.874832853 2.025002331
1354 24.3483289 8.731917055 0.0
1355 20.48526492 10.13197778 3.8e-16
1356 22.38087987 9.46197304 2.025002331
1357 14.08164529 -10.1320803 4.050004662
1358 15.97726024 -9.462075563 6.075006993
1359 17.28372155 -6.874935376 6.075006993
1360 17.94470926 -8.732019578 4.050004662
1361 13.4590469 -8.177601687 6.075006993
1362 15.36465402 -7.524075547 4.050004662
1363 19.2108589 -6.237493319 4.050004662
1364 14.0733889 -3.742967061 4.050004662
1365 14.73437661 -5.600051262 6.075006993
1366 16.65344414 -4.950911091 4.050004662
1367 18.55905127 -4.297384952 6.075006993
1368 17.93645288 -2.342906334 4.050004662
1369 16.04083792 -3.012911076 6.075006993
1370 17.93645288 2.342803811 4.050004662
1371 16.04083792 3.012808552 6.075006993
1372 18.55905126 4.297282428 6.075006993
1373 14.0733889 3.742864537 4.050004662
1374 14.73437661 5.599948739 6.075006993
1375 16.65344414 4.950808568 4.050004662
1376 19.2108589 6.237390796 4.050004662
1377 13.4590469 8.177499164 6.075006993
1378 15.36465402 7.523973025 4.050004662
1379 17.28372155 6.874832853 6.075006993
1380 17.94470926 8.731917055 4.050004662
1381 14.08164529 10.13197778 4.050004662
1382 15.97726024 9.46197304 6.075006993
1383 20.48526492 -10.1320803 4.050004662
1384 22.38087987 -9.462075563 6.075006993
1385 23.68734118 -6.874935376 6.075006993
1386 19.86266653 -8.177601687 6.075006993
1387 21.76827366 -7.524075547 4.050004662
1388 24.34832889 -8.732019578 4.050004662
1389 12.80723927 -6.237493319 4.050004662
1390 21.13799625 -5.600051262 6.075006993
1391 20.47700853 -3.742967061 4.050004662
1392 23.05706377 -4.950911091 4.050004662
1393 24.9626709 -4.297384952 6.075006993
1394 22.44445756 -3.012911076 6.075006993
1395 24.34007251 -2.342906334 4.050004662
1396 24.34007251 2.342803811 4.050004662
1397 22.44445756 3.012808552 6.075006993
1398 20.47700853 3.742864537 4.050004662
1399 21.13799624 5.599948739 6.075006993
1400 23.05706377 4.950808568 4.050004662
1401 24.9626709 4.297282428 6.075006993
1402 12.80723927 6.237390796 4.050004662
1403 19.86266653 8.177499164 6.075006993
1404 21.76827366 7.523973025 4.050004662
1405 23.68734118 6.874832853 6.075006993
1406 24.3483289 8.731917055 4.050004662
1407 20.48526492 10.13197778 4.050004662
1408 22.38087987 9.46197304 6.075006993
1409 14.08164529 -10.1320803 8.100009324
1410 15.97726024 -9.462075563 10.12501165
1411 17.28372155 -6.874935376 10.12501165
1412 17.94470926 -8.732019578 8.100009324
1413 13.4590469 -8.177601687 10.12501165
1414 15.36465402 -7.524075547 8.100009324
1415 19.2108589 -6.237493319 8.100009324
1416 14.0733889 -3.742967061 8.100009324
1417 14.73437661 -5.600051262 10.12501165
1418 16.65344414 -4.950911091 8.100009324
1419 18.55905127 -4.297384952 10.12501165
1420 17.93645288 -2.342906334 8.100009324
1421 16.04083792 -3.012911076 10.12501165
1422 17.93645288 2.342803811 8.100009324
1423 16.04083792 3.012808552 10.12501165
1424 18.55905126 4.297282428 10.12501165
1425 14.0733889 3.742864537 8.100009324
1426 14.73437661 5.599948739 10.12501165
1427 16.65344414 4.950808568 8.100009324
1428 19.2108589 6.237390796 8.100009324
1429 13.4590469 8.177499164 10.12501165
1430 15.36465402 7.523973025 8.100009324
1431 17.28372155 6.874832853 10.12501165
1432 17.94470926 8.731917055 8.100009324
1433 14.08164529 10.13197778 8.100009324
1434 15.97726024 9.46197304 10.12501165
1435 20.48526492 -10.1320803 8.100009324
1436 22.38087987 -9.462075563 10.12501165
1437 23.68734118 -6.874935376 10.12501165
1438 19.86266653 -8.177601687 10.12501165
1439 21.76827366 -7.524075547 8.100009324
1440 24.34832889 -8.732019578 8.100009324
1441 12.80723927 -6.237493319 8.100009324
1442 21.13799625 -5.600051262 10.12501165
1443 20.47700853 -3.742967061 8.100009324
1444 23.05706377 -4.950911091 8.100009324
1445 24.9626709 -4.297384952 10.12501165
1446 22.44445756 -3.012911076 10.12501165
1447 24.34007251 -2.342906334 8.100009324
1448 24.34007251 2.342803811 8.100009324
1449 22.44445756 3.012808552 10.12501165
1450 20.47700853 3.742864537 8.100009324
1451 21.13799624 5.599948739 10.12501165
1452 23.05706377 4.950808568 8.100009324
1453 24.9626709 4.297282428 10.12501165
1454 12.80723927 6.237390796 8.100009324
1455 19.86266653 8.177499164 10.12501165
1456 21.76827366 7.523973025 8.100009324
1457 23.68734118 6.874832853 10.12501165
1458 24.3483289 8.731917055 8.100009324
1459 20.48526492 10.13197778 8.100009324
1460 22.38087987 9.46197304 10.12501165
1461 14.08164529 -10.1320803 12.15001399
1462 15.97726024 -9.462075563 14.17501632
1463 17.28372155 -6.874935376 14.17501632
1464 17.94470926 -8.732019578 12.15001399
1465 13.4590469 -8.177601687 14.17501632
1466 15.36465402 -7.524075547 12.15001399
1467 19.2108589 -6.237493319 12.15001399
1468 14.0733889 -3.742967061 12.15001399
1469 14.73437661 -5.600051262 14.17501632
1470 16.65344414 -4.950911091 12.15001399
1471 18.55905127 -4.297384952 14.17501632
1472 17.93645288 -2.342906334 12.15001399
1473 16.04083792 -3.012911076 14.17501632
1474 17.93645288 2.342803811 12.15001399
1475 16.04083792 3.012808552 14.17501632
1476 18.55905126 4.297282428 14.17501632
1477 14.0733889 3.742864537 12.15001399
1478 14.73437661 5.599948739 14.17501632
1479 16.65344414 4.950808568 12.15001399
1480 19.2108589 6.237390796 12.15001399
1481 13.4590469 8.177499164 14.17501632
1482 15.36465402 7.523973025 12.15001399
1483 17.28372155 6.874832853 14.17501632
1484 17.94470926 8.731917055 12.15001399
1485 14.08164529 10.13197778 12.15001399
1486 15.97726024 9.46197304 14.17501632
1487 20.48526492 -10.1320803 12.15001399
1488 22.38087987 -9.462075563 14.17501632
1489 23.68734118 -6.874935376 14.17501632
1490 19.86266653 -8.177601687 14.17501632
1491 21.76827366 -7.524075547 12.15001399
1492 24.34832889 -8.732019578 12.15001399
1493 12.80723927 -6.237493319 12.15001399
1494 21.13799625 -5.600051262 14.17501632
1495 20.47700853 -3.742967061 12.15001399
1496 23.05706377 -4.950911091 12.15001399
1497 24.9626709 -4.297384952 14.17501632
1498 22.44445756 -3.012911076 14.17501632
1499 24.34007251 -2.342906334 12.15001399
1500 24.34007251 2.342803811 12.15001399
1501 22.44445756 3.012808552 14.17501632
1502 20.47700853 3.742864537 12.15001399
1503 21.13799624 5.599948739 14.17501632
1504 23.05706377 4.950808568 12.15001399
1505 24.9626709 4.297282428 14.17501632
1506 12.80723927 6.237390796 12.15001399
1507 19.86266653 8.177499164 14.17501632
1508 21.76827366 7.523973025 12.15001399
1509 23.68734118 6.874832853 14.17501632
1510 24.3483289 8.731917055 12.15001399
1511 20.48526492 10.13197778 12.15001399
1512 22.38087987 9.46197304 14.17501632
1513 26.88888455 -10.1320803 16.20001865
1514 28.78449951 -9.462075563 -6.075006993
1515 30.09096082 -6.874935376 -6.075006993
1516 30.75194853 -8.732019578 16.20001865
1517 26.26628616 -8.177601687 -6.075006993
1518 28.17189329 -7.524075547 16.20001865
1519 32.01809816 -6.237493319 16.20001865
1520 26.88062817 -3.742967061 -8.100009324
1521 27.54161588 -5.600051262 -6.075006993
1522 29.46068341 -4.950911091 -8.100009324
1523 31.36629053 -4.297384952 -6.075006993
1524 30.74369214 -2.342906334 -8.100009324
1525 28.84807719 -3.012911076 -6.075006993
1526 30.74369214 2.342803811 16.20001865
1527 28.84807719 3.012808552 -6.075006993
1528 31.36629053 4.297282428 -6.075006993
1529 26.88062817 3.742864537 -8.100009324
1530 27.54161588 5.599948739 -6.075006993
1531 29.46068341 4.950808568 -8.100009324
1532 32.01809816 6.237390796 16.20001865
1533 26.26628616 8.177499164 -6.075006993
1534 28.17189329 7.523973025 -8.100009324
1535 30.09096082 6.874832853 -6.075006993
1536 30.75194853 8.731917055 -8.100009324
1537 26.88888455 10.13197778 -8.100009324
1538 28.78449951 9.46197304 -6.075006993
1539 33.29250418 -10.1320803 16.20001865
1540 35.18811914 -9.462075563 -6.075006993
1541 36.49458045 -6.874935376 -6.075006993
1542 32.6699058 -8.177601687 -6.075006993
1543 34.57551292 -7.524075547 16.20001865
1544 37.15556816 -8.732019578 16.20001865
1545 25.61447853 -6.237493319 16.20001865
1546 33.94523551 -5.600051262 -6.075006993
1547 33.2842478 -3.742967061 -8.100009324
1548 35.86430304 -4.950911091 -8.100009324
1549 37.76991016 -4.297384952 -6.075006993
1550 35.25169682 -3.012911076 -6.075006993
1551 37.14731178 -2.342906334 -8.100009324
1552 37.14731178 2.342803811 16.20001865
1553 35.25169682 3.012808552 -6.075006993
1554 33.2842478 3.742864537 16.20001865
1555 33.94523551 5.599948739 -6.075006993
1556 35.86430304 4.950808568 16.20001865
1557 37.76991016 4.297282428 -6.075006993
1558 25.61447853 6.237390796 -8.100009324
1559 32.6699058 8.177499164 -6.075006993
1560 34.57551292 7.523973025 16.20001865
1561 36.49458045 6.874832853 -6.075006993
1562 37.15556816 8.731917055 -8.100009324
1563 33.29250419 10.13197778 -8.100009324
1564 35.18811914 9.46197304 -6.075006993
1565 26.88888455 -10.1320803 -4.050004662
1566 28.78449951 -9.462075563 -2.025002331
1567 30.09096082 -6.874935376 -2.025002331
1568 30.75194853 -8.732019578 -4.050004662
1569 26.26628616 -8.177601687 -2.025002331
1570 28.17189329 -7.524075547 -4.050004662
1571 32.01809816 -6.237493319 -4.050004662
1572 26.88062817 -3.742967061 -4.050004662
1573 27.54161588 -5.600051262 -2.025002331
1574 29.46068341 -4.950911091 -4.050004662
1575 31.36629053 -4.297384952 -2.025002331
1576 30.74369214 -2.342906334 -4.050004662
1577 28.84807719 -3.012911076 -2.025002331
1578 30.74369214 2.342803811 -4.050004662
1579 28.84807719 3.012808552 -2.025002331
1580 31.36629053 4.297282428 -2.025002331
1581 26.88062817 3.742864537 -4.050004662
1582 27.54161588 5.599948739 -2.025002331
1583 29.46068341 4.950808568 -4.050004662
1584 32.01809816 6.237390796 -4.050004662
1585 26.26628616 8.177499164 -2.025002331
1586 28.17189329 7.523973025 -4.050004662
1587 30.09096082 6.874832853 -2.025002331
1588 30.75194853 8.731917055 -4.050004662
1589 26.88888455 10.13197778 -4.050004662
1590 28.78449951 9.46197304 -2.025002331
1591 33.29250418 -10.1320803 -4.050004662
1592 35.18811914 -9.462075563 -2.025002331
1593 36.49458045 -6.874935376 -2.025002331
1594 32.6699058 -8.177601687 -2.025002331
1595 34.57551292 -7.524075547 -4.050004662
1596 37.15556816 -8.732019578 -4.050004662
1597 25.61447853 -6.237493319 -4.050004662
1598 33.94523551 -5.600051262 -2.025002331
1599 33.2842478 -3.742967061 -4.050004662
1600 35.86430304 -4.950911091 -4.050004662
1601 37.76991016 -4.297384952 -2.025002331
1602 35.25169682 -3.012911076 -2.025002331
1603 37.14731178 -2.342906334 -4.050004662
1604 37.14731178 2.342803811 -4.050004662
1605 35.25169682 3.012808552 -2.025002331
1606 33.2842478 3.742864537 -4.050004662
1607 33.94523551 5.599948739 -2.025002331
1608 35.86430304 4.950808568 -4.050004662
1609 37.76991016 4.297282428 -2.025002331
1610 25.61447853 6.237390796 -4.050004662
1611 32.6699058 8.177499164 -2.025002331
1612 34.57551292 7.523973025 -4.050004662
1613 36.49458045 6.874832853 -2.025002331
1614 37.15556816 8.731917055 -4.050004662
1615 33.29250419 10.13197778 -4.050004662
1616 35.18811914 9.46197304 -2.025002331
1617 26.88888455 -10.1320803 -8.88e-16
1618 28.78449951 -9.462075563 2.025002331
1619 30.09096082 -6.874935376 2.025002331
1620 30.75194853 -8.732019578 -1.78e-15
1621 26.26628616 -8.177601687 2.025002331
1622 28.17189329 -7.524075547 -1.78e-15
1623 32.01809816 -6.237493319 -8.88e-16
1624 26.88062817 -3.742967061 0.0
1625 27.54161588 -5.600051262 2.025002331
1626 29.46068341 -4.950911091 0.0
1627 31.36629053 -4.297384952 2.025002331
1628 30.74369214 -2.342906334 1.05e-15
1629 28.84807719 -3.012911076 2.025002331
1630 30.74369214 2.342803811 -8.88e-16
1631 28.84807719 3.012808552 2.025002331
1632 31.36629053 4.297282428 2.025002331
1633 26.88062817 3.742864537 0.0
1634 27.54161588 5.599948739 2.025002331
1635 29.46068341 4.950808568 0.0
1636 32.01809816 6.237390796 -1.78e-15
1637 26.26628616 8.177499164 2.025002331
1638 28.17189329 7.523973025 1.59e-15
1639 30.09096082 6.874832853 2.025002331
1640 30.75194853 8.731917055 9.48e-16
1641 26.88888455 10.13197778 2.51e-15
1642 28.78449951 9.46197304 2.025002331
1643 33.29250418 -10.1320803 -1.78e-15
1644 35.18811914 -9.462075563 2.025002331
1645 36.49458045 -6.874935376 2.025002331
1646 32.6699058 -8.177601687 2.025002331
1647 34.57551292 -7.524075547 -1.78e-15
1648 37.15556816 -8.732019578 -8.88e-16
1649 25.61447853 -6.237493319 -8.88e-16
1650 33.94523551 -5.600051262 2.025002331
1651 33.2842478 -3.742967061 1.05e-15
1652 35.86430304 -4.950911091 3.4e-16
1653 37.76991016 -4.297384952 2.025002331
1654 35.25169682 -3.012911076 2.025002331
1655 37.14731178 -2.342906334 1.92e-15
1656 37.14731178 2.342803811 -1.78e-15
1657 35.25169682 3.012808552 2.025002331
1658 33.2842478 3.742864537 -2.66e-15
1659 33.94523551 5.599948739 2.025002331
1660 35.86430304 4.950808568 -3.55e-15
1661 37.76991016 4.297282428 2.025002331
1662 25.61447853 6.237390796 0.0
1663 32.6699058 8.177499164 2.025002331
1664 34.57551292 7.523973025 -1.78e-15
1665 36.49458045 6.874832853 2.025002331
1666 37.15556816 8.731917055 0.0
1667 33.29250419 10.13197778 3.8e-16
1668 35.18811914 9.46197304 2.025002331
1669 26.88888455 -10.1320803 4.050004662
1670 28.78449951 -9.462075563 6.075006993
1671 30.09096082 -6.874935376 6.075006993
1672 30.75194853 -8.732019578 4.050004662
1673 26.26628616 -8.177601687 6.075006993
1674 28.17189329 -7.524075547 4.050004662
1675 32.01809816 -6.237493319 4.050004662
1676 26.88062817 -3.742967061 4.050004662
1677 27.54161588 -5.600051262 6.075006993
1678 29.46068341 -4.950911091 4.050004662
1679 31.36629053 -4.297384952 6.075006993
1680 30.74369214 -2.342906334 4.050004662
1681 28.84807719 -3.012911076 6.075006993
1682 30.74369214 2.342803811 4.050004662
1683 28.84807719 3.012808552 6.075006993
1684 31.36629053 4.297282428 6.075006993
1685 26.88062817 3.742864537 4.050004662
1686 27.54161588 5.599948739 6.075006993
1687 29.46068341 4.950808568 4.050004662
1688 32.01809816 6.237390796 4.050004662
1689 26.26628616 8.177499164 6.075006993
1690 28.17189329 7.523973025 4.050004662
1691 30.09096082 6.874832853 6.075006993
1692 30.75194853 8.731917055 4.050004662
1693 26.88888455 10.13197778 4.050004662
1694 28.78449951 9.46197304 6.075006993
1695 33.29250418 -10.1320803 4.050004662
1696 35.18811914 -9.462075563 6.075006993
1697 36.49458045 -6.874935376 6.075006993
1698 32.6699058 -8.177601687 6.075006993
1699 34.57551292 -7.524075547 4.050004662
1700 37.15556816 -8.732019578 4.050004662
1701 25.61447853 -6.237493319 4.050004662
1702 33.94523551 -5.600051262 6.075006993
1703 33.2842478 -3.742967061 4.050004662
1704 35.86430304 -4.950911091 4.050004662
1705 37.76991016 -4.297384952 6.075006993
1706 35.25169682 -3.012911076 6.075006993
1707 37.14731178 -2.342906334 4.050004662
1708 37.14731178 2.342803811 4.050004662
1709 35.25169682 3.012808552 6.075006993
1710 33.2842478 3.742864537 4.050004662
1711 33.94523551 5.599948739 6.075006993
1712 35.86430304 4.950808568 4.050004662
1713 37.76991016 4.297282428 6.075006993
1714 25.61447853 6.237390796 4.050004662
1715 32.6699058 8.177499164 6.075006993
1716 34.57551292 7.523973025 4.050004662
1717 36.49458045 6.874832853 6.075006993
1718 37.15556816 8.731917055 4.050004662
1719 33.29250419 10.13197778 4.050004662
1720 35.18811914 9.46197304 6.075006993
1721 26.88888455 -10.1320803 8.100009324
1722 28.78449951 -9.462075563 10.12501165
1723 30.09096082 -6.874935376 10.12501165
1724 30.75194853 -8.732019578 8.100009324
1725 26.26628616 -8.177601687 10.12501165
1726 28.17189329 -7.524075547 8.100009324
1727 32.01809816 -6.237493319 8.100009324
1728 26.88062817 -3.742967061 8.100009324
1729 27.54161588 -5.600051262 10.12501165
1730 29.46068341 -4.950911091 8.100009324
1731 31.36629053 -4.297384952 10.12501165
1732 30.74369214 -2.342906334 8.100009324
1733 28.84807719 -3.012911076 10.12501165
1734 30.74369214 2.342803811 8.100009324
1735 28.84807719 3.012808552 10.12501165
1736 31.36629053 4.297282428 10.12501165
1737 26.88062817 3.742864537 8.100009324
1738 27.54161588 5.599948739 10.12501165
1739 29.46068341 4.950808568 8.100009324
1740 32.01809816 6.237390796 8.100009324
1741 26.26628616 8.177499164 10.12501165
1742 28.17189329 7.523973025 8.100009324
1743 30.09096082 6.874832853 10.12501165
1744 30.75194853 8.731917055 8.100009324
1745 26.88888455 10.13197778 8.100009324
1746 28.78449951 9.46197304 10.12501165
1747 33.29250418 -10.1320803 8.100009324
1748 35.18811914 -9.462075563 10.12501165
1749 36.49458045 -6.874935376 10.12501165
1750 32.6699058 -8.177601687 10.12501165
1751 34.57551292 -7.524075547 8.100009324
1752 37.15556816 -8.732019578 8.100009324
1753 25.61447853 -6.237493319 8.100009324
1754 33.94523551 -5.600051262 10.12501165
1755 33.2842478 -3.742967061 8.100009324
1756 35.86430304 -4.950911091 8.100009324
1757 37.76991016 -4.297384952 10.12501165
1758 35.25169682 -3.012911076 10.12501165
1759 37.14731178 -2.342906334 8.100009324
1760 37.14731178 2.342803811 8.100009324
1761 35.25169682 3.012808552 10.12501165
1762 33.2842478 3.742864537 8.100009324
1763 33.94523551 5.599948739 10.12501165
1764 35.86430304 4.950808568 8.100009324
1765 37.76991016 4.297282428 10.12501165
1766 25.61447853 6.237390796 8.100009324
1767 32.6699058 8.177499164 10.12501165
1768 34.57551292 7.523973025 8.100009324
1769 36.49458045 6.874832853 10.12501165
1770 37.15556816 8.731917055 8.100009324
1771 33.29250419 10.13197778 8.100009324
1772 35.18811914 9.46197304 10.12501165
1773 26.88888455 -10.1320803 12.15001399
1774 28.78449951 -9.462075563 14.17501632
1775 30.09096082 -6.874935376 14.17501632
1776 30.75194853 -8.732019578 12.15001399
1777 26.26628616 -8.177601687 14.17501632
1778 28.17189329 -7.524075547 12.15001399
1779 32.01809816 -6.237493319 12.15001399
1780 26.88062817 -3.742967061 12.15001399
1781 27.54161588 -5.600051262 14.17501632
1782 29.46068341 -4.950911091 12.15001399
1783 31.36629053 -4.297384952 14.17501632
1784 30.74369214 -2.342906334 12.15001399
1785 28.84807719 -3.012911076 14.17501632
1786 30.74369214 2.342803811 12.15001399
1787 28.84807719 3.012808552 14.17501632
1788 31.36629053 4.297282428 14.17501632
1789 26.88062817 3.742864537 12.15001399
1790 27.54161588 5.599948739 14.17501632
1791 29.46068341 4.950808568 12.15001399
1792 32.01809816 6.237390796 12.15001399
1793 26.26628616 8.177499164 14.17501632
1794 28.17189329 7.523973025 12.15001399
1795 30.09096082 6.874832853 14.17501632
1796 30.75194853 8.731917055 12.15001399
1797 26.88888455 10.13197778 12.15001399
1798 28.78449951 9.46197304 14.17501632
1799 33.29250418 -10.1320803 12.15001399
1800 35.18811914 -9.462075563 14.17501632
1801 36.49458045 -6.874935376 14.17501632
1802 32.6699058 -8.177601687 14.17501632
1803 34.57551292 -7.524075547 12.15001399
1804 37.15556816 -8.732019578 12.15001399
1805 25.61447853 -6.237493319 12.15001399
1806 33.94523551 -5.600051262 14.17501632
1807 33.2842478 -3.742967061 12.15001399
1808 35.86430304 -4.950911091 12.15001399
1809 37.76991016 -4.297384952 14.17501632
1810 35.25169682 -3.012911076 14.17501632
1811 37.14731178 -2.342906334 12.15001399
1812 37.14731178 2.342803811 12.15001399
1813 35.25169682 3.012808552 14.17501632
1814 33.2842478 3.742864537 12.15001399
1815 33.94523551 5.599948739 14.17501632
1816 35.86430304 4.950808568 12.15001399
1817 37.76991016 4.297282428 14.17501632
1818 25.61447853 6.237390796 12.15001399
1819 32.6699058 8.177499164 14.17501632
1820 34.57551292 7.523973025 12.15001399
1821 36.49458045 6.874832853 14.17501632
1822 37.15556816 8.731917055 12.15001399
1823 33.29250419 10.13197778 12.15001399
1824 35.18811914 9.46197304 14.17501632
